11870.0813619257
-2721.3936123619
23575.6832612346
9750.0706099741
19792.7894804784
17827.4694401052
21468.0585738598
14482.500146079
13689.966004749
24901.8226143489
13547.1808571061
1925.1159112671
11519.782638902
5164.9713222253
27697.1601963799
16142.9992716229
9473.4686149573
-1273.1823094381
-2814.0984501916
10019.2336033328
6614.9521801487
4000.8988166439
15226.0405351974
18969.6916108798
8564.6835626348
22576.3826278766
-731.8451075558
-52.4394713552
24550.1319343495
12370.6957435086
20739.1883282091
1575.3957496558
8282.8416803721
21249.5289436993
19321.8115438994
15920.810107303
9740.2650315966
7385.4763752729
4464.0409504079
4120.8669612771
4697.2560001946
13388.1865906912
4768.8935297049
16197.8822773895
-671.8718278503
697.1862484618
22479.0868083402
5735.4005856874
12121.1320210625
7014.5568772867
4055.1982736818
19020.058639133
14649.6001419271
19398.2090525873
12414.2117405026
7119.514526827
26339.522089828
12432.6726399171
4736.8706808705
22071.1221377307
24747.3833722283
21903.6464287252
14163.7825065511
14696.9858422502
20272.843674414
-960.5116590958
26219.3387873214
27670.8117269847
-502.1413113471
269.2388995453
8179.4275570195
17441.1067101885
16318.0986825483
12217.6810423906
11268.3476154184
565.2040029449
4553.8008430215
-1623.2862201008
21430.4168844707
8128.3808389568
722.0713211699
17708.3048817665
24169.821264913
3157.7666352776
18524.5450158384
5237.3736310572
22591.9134766014
8551.8982954168
26330.6511691422
1157.2312296078
6401.3189416284
-3474.114148743
3796.8374269411
2972.7800882506
18954.3312099281
18158.4041263039
18859.7318500937
24701.0165152822
7550.9095444486
17330.629796614
26701.2438350674
19927.0426745077
8342.0110625584
5914.2829126308
-431.1300621841
-2323.3525198053
-2262.5263831576
13611.8799851825
7979.9278901
-314.1382228871
26577.8476656144
7494.0574080576
24636.8742977082
23647.1585572788
21715.0760985774
-3221.4544164512
2200.6029594647
16122.4207881433
25600.8455718812
21517.9334713542
-234.7960085359
1632.6522895081
24983.5325364739
8134.5128833513
774.9211204754
26806.3831476356
16277.7225890445
-1541.6917967323
21163.0700153032
6347.0396929446
18681.0638978032
15361.435294715
6050.1793442111
16442.8248609089
-1057.8437850616
9761.3217912801
11666.368639113
4086.7475153248
13833.397810499
19516.4790333003
-870.6955201952
-3674.0214457366
24608.7852192574
20315.0542723347
19473.0655499471
-291.1599149031
21270.6204942633
18906.6489090063
16565.4098577007
-2946.3371847481
-1904.0002135407
-1064.968979715
18368.6990566357
25596.702403661
9344.4184910918
23803.2045160072
188.8896181108
5305.863032394
9096.1271492814
8315.7816298759
2824.7407673123
-904.8131692239
26833.16626508
-574.9646463231
12244.0650001302
1557.38300709
22381.7318895632
14604.7328522694
22563.8890696786
17540.2468100633
24992.7568830471
5153.1343469849
761.3225697369
3348.1490758353
8461.5742136045
9473.8671896765
25932.7297722663
22867.7821045315
17948.1323238143
-3154.9992430773
10746.6547035271
3222.3046066433
-3662.3871580585
-3494.1085350687
22411.2376317119
8033.5425810862
-2310.3693019754
16926.3184069799
27355.8561546044
-2663.1227289418
22867.2601035245
10026.7048446807
10011.8480277557
24437.1163840341
15172.5764815025
-1568.1795370653
3848.9646130861
-2503.5000205403
20160.3001976411
201.156338182
8878.5427963519
1440.0857959349
-3346.5989364406
26851.0483004309
20858.1076052769
9208.892563926
14008.1513871223
-1619.6329109364
18324.2056884239
22437.4357759038
21080.8458015595
17053.1860842668
1554.1384921279
13710.460291807
-3135.9480052884
-31.04891494
24703.2632413797
14469.1428837792
13669.7669368495
18822.1042059211
12582.5738101739
6202.6415289853
9766.3523021992
15933.8723965093
17982.9910398733
20319.5476823642
-3301.9044904864
23188.0128430748
7369.0150993492
16480.5182255298
-3256.2601631512
24731.9359492152
23991.0749254579
25315.0843296971
15098.6268018412
579.3863137363
18267.3221815449
-3575.6313159753
21151.3797933949
21423.3543501211
16021.267039162
2727.1952760251
11120.0002372789
23384.1673124853
-1463.8767336261
6433.2579564341
11073.7990655016
15995.4241530657
-1612.2007482785
6041.9423801438
20096.6793090203
12453.7058507198
9331.1009927422
-2193.0614583104
19828.9875300614
12194.9076799754
3014.8376102562
8908.9992725754
19230.4857116475
19044.0298336376
-2187.2270105471
26044.008668537
16932.0513041229
9345.5419343615
10094.8945015555
-2725.8929017588
5905.2754405786
5896.5204803474
11290.7484935883
14174.637295594
19903.7146833882
26138.8300201167
18172.0277144936
19182.0086957512
-2179.0740529234
4166.3916859962
10732.7349835609
22021.8110028199
3433.8421500793
12990.850939676
2193.7344087589
2995.6896115869
22696.3886144159
11973.5001127121
23953.9080403825
3110.9816640403
5453.1319823132
12242.6223718755
5431.4432051755
10106.6306537063
11067.3052678872
17428.4075086979
2504.1556871132
10417.2637585881
20777.4213803895
23685.9232436814
12949.5051555623
23231.3016991653
7232.5925573769
8092.83490541
12045.7216474572
26838.5899814217
12711.9939188404
-1481.8097172765
6160.4033365802
22449.5569325263
15464.4111206507
-3631.6650799534
26503.5318457616
15185.5723645155
13830.013257351
21760.9275463442
-1821.8722410481
2788.0967107409
18168.0480539757
17186.3194110015
1628.1689399025
13567.1948618147
21707.6412853081
226.8372739049
20376.6320170791
22351.085215722
2617.5735313405
20631.2229395751
5485.9155629585
12311.8773679428
11091.0026462463
18424.985855993
8554.658680276
-2854.8306386054
24053.3224731383
381.1620908004
14760.4479964378
16041.1792027428
18104.9219351025
2856.7493465014
25205.2556223451
3662.3088931053
14744.1489807827
5507.3366109605
10355.9822236409
-693.9253345393
14600.4831147519
10685.4472554663
-3390.50667475
-2967.8228782463
13717.3123241476
21924.7165932515
25879.2970422529
15610.2784106116
-1606.5758522445
-2844.337137277
17997.9356998166
4129.4191250361
24953.8107993995
10065.0536181946
18191.2498555001
17388.9365587538
12372.5974330869
27456.8642440301
27028.1363647117
14925.9694804592
23805.6433901936
11365.1667048729
12938.9144123128
25446.8960219395
25037.7538255048
-2497.1488496734
17194.3648249251
906.8773629524
7070.6630418419
15573.0411319572
-2560.5265299348
2663.7944075479
12041.9687021292
24915.4630701826
25190.3039879729
14976.94240793
440.7385656962
-3159.3199111582
26165.1424451344
17015.1096835444
26508.8796574371
-2809.1072392481
20251.2451615782
22381.2056739706
5963.356334447
6362.3844353206
11296.3141795201
10229.2358908319
27310.3413462268
14347.8624662996
7529.4399635607
-1253.7407985722
-485.5790291321
6146.0479867105
18979.5032777835
15187.8470176386
18002.5237721817
1999.3926110559
20586.4165152926
10010.9849504055
16012.4613367079
8075.8947616461
-1592.1908787729
10856.108851613
-3238.2704647112
15302.2911390066
1420.2715217124
20190.5889129318
-2191.5307158626
3320.1579248877
13538.4602955421
10645.755732218
-3705.5409887906
10280.5995138263
-3596.9657553974
15174.9055809772
-2846.2141846512
5543.900768797
4761.279266063
2287.4186798264
24474.8814855146
9959.8522479465
1359.9512261106
4077.8066018058
10194.97708075
21921.5976862278
11464.4106662956
370.8121234933
11728.469837326
7333.9266536263
533.7455952667
13833.4328148657
1093.0359532062
9966.0783074873
12480.6279280137
20410.8122131431
26829.7987825003
2306.0787486088
6829.4633306827
6923.3544849143
16954.1797628526
17631.1421693257
-758.4093926524
7449.758383489
19480.467887692
4796.4372812852
26675.2819714419
1150.9840196649
26587.417994669
3518.9286419697
340.3701438465
-1992.1470585949
1102.8419032046
18864.7209780383
-3700.0610221957
26000.1932217907
11064.6022751051
19038.5231307668
17945.6684176516
19422.8777787409
980.4214102689
13747.8065026978
24202.0418653188
8904.8182528127
-2932.3730979826
4617.881562106
1681.5223576405
11134.1931903527
14768.8967414651
7223.0539916235
13365.8181032634
11559.6231912411
24573.9399802942
-3438.0676323917
10426.2471885089
-2691.7861341102
7017.8409744414
18725.6369078655
1273.7560424918
21273.6188544769
26442.66687689
24861.9708240554
9985.3087563881
24447.4309608854
-1622.1214992945
-3213.1382771996
9487.3557386699
21763.8915115892
16290.1919602736
-590.1684954116
938.8539888207
15886.7754579763
6065.3450071098
-1812.5277768109
8584.3741369253
13596.043589575
23174.9933280806
12290.0277715713
12072.2789968124
13933.6207143843
26356.9420306097
20361.5242415583
9562.2433414237
26508.6911723001
23274.773466343
22517.0093622614
113.8918325896
12278.9882592381
16997.7515999939
8988.0473279821
4938.4909811427
11633.8396346955
16032.8038510049
16540.0594351189
10925.3500401969
-2176.0862294802
9964.830323181
11340.533314277
-3240.4649999104
25221.3875033943
-542.4923180082
5039.2498752506
7471.1035076056
20675.5147830737
21942.968531379
-2608.3296945739
4503.3808316794
5202.5527129133
14418.1828565409
16445.9775710053
21290.2718038499
22405.5464530129
19411.2030800796
13126.5262745024
13599.1928901737
10594.1147313857
20744.6705938528
12998.5392603398
20571.3970054465
16259.5725392775
12274.465570942
2776.844536689
26483.3819088478
27237.6280360162
-3605.3150121194
6045.8727344727
1706.2084206423
19126.8152021739
-2204.7620291927
12494.5049667088
7030.0821928732
-1045.7238509815
1799.9608071453
10302.9543620336
23838.1797872772
-1712.7471484084
25467.3977541881
18389.3515352125
2162.7138175075
8500.1553078186
24874.8644801361
3435.6150565697
2308.8022414143
23235.3515476139
21946.0756114476
1781.4589414381
6184.3982468966
18153.4314875733
4612.1571385217
1923.5084718985
-1535.8475964633
-3527.3046805983
24569.9049792784
898.3474910708
8349.7031744823
5506.5084287378
20609.2769839866
15178.7752174425
8725.5946441854
19681.4883919283
14217.2558253718
22230.0761502718
11534.8964293196
-2143.6063140605
3706.3930858745
21816.7400026813
-793.1723376556
18845.1276269726
26086.2265837339
-3558.5187997942
1850.3566851671
22441.172880334
27054.9845506415
-236.5622471554
13900.960889006
3143.0764002038
3185.645677375
4375.175755568
-3682.8804135759
25766.7912999887
13237.0078140307
21979.014155
19636.9809819275
26913.3483864258
17791.5931836369
17991.5792702359
8303.4674357141
23916.4748605438
21418.2097380725
1860.548702089
9561.485614254
20518.6833275377
25581.9025116114
1910.8796511948
-811.8581857157
11820.8692862217
21936.619265086
4302.390202329
-1938.6914506139
6694.7726643547
13533.3110657677
25367.0461837297
13507.8873497038
23382.6065898445
17783.724889065
-610.4038979247
27133.5019262825
7328.9597111092
19513.772585841
18347.6670437409
9118.9747383656
4447.6786904251
14167.0271449664
4867.0637704245
20896.9443883313
24429.570668459
24455.9313265001
24795.6230920473
12716.5027548796
22201.6812261865
22260.8168142631
17110.1483573593
-37.3936230118
27394.2930479239
21088.2763888055
23288.5602328222
27369.7836294903
3592.4865086273
1762.7688174303
27205.6281087299
6555.2123358051
15060.7405391964
7392.9876268546
15890.9704164868
24729.4232903589
14346.3803794609
6571.8403340992
17054.9115828069
21371.6659853435
18456.5667211925
5553.6421209225
-3617.3629628568
22424.4207035389
3521.2422650575
26039.5332522094
23553.615576625
9724.0701399891
6852.7726091211
-1883.4907485361
10453.1423678784
-3375.0801853512
27633.750311916
-2270.2936428666
27647.5464261281
798.3364939058
25915.5833002918
2407.016144639
19268.1345742724
23632.712697585
18626.3020214939
987.4790682028
11617.982046683
16714.5111123761
25288.5662239767
23666.9451595765
7864.1812618204
8961.8526425306
20298.5609492163
21240.0293923266
3590.4480386171
-2292.7268046283
7077.1589524034
-249.7543416299
18784.5271249498
-2949.7147956541
10511.0073605723
4910.3051115458
27208.837639324
9426.508714246
-767.3872928351
5024.5527185669
7920.4956570791
26376.1086195706
13038.2148106604
-2601.3828971958
17482.1125645387
23860.6301487219
17818.8205590319
22027.1753721662
19278.3139511357
15458.5071823627
-3199.1717025079
17946.5968234528
7122.2041015828
4533.6022854942
-1205.2768412195
874.6082599497
522.333169861
23809.3473127043
19882.511695637
18767.3798103608
15449.1231024718
4360.3490413783
10974.6415853094
19366.860326437
1293.7847434333
21112.5336420139
11250.5463749704
14508.1983184091
18073.6370010579
8360.4941368108
15746.3369990408
400.6828063575
18632.9741341815
18682.5745027418
12846.255106523
18703.6033142157
5428.0409430959
13689.9189773391
12801.8054287845
22840.0727718913
9375.2383877235
4816.8682447635
19352.4427815974
23366.1353583062
16754.2343123502
544.9558252857
-852.0437753906
-701.4037509415
3696.4978775478
-3012.5109712228
19397.4022059877
16884.2903956353
-2850.1611407946
9424.5327493701
6441.1549387623
4599.276321844
11285.4445184107
24455.802778126
-2894.4108712696
24856.6252088558
6680.9693945526
20256.1715847706
18104.320358925
9164.6113374208
26909.4135121235
26627.9110145858
-3026.4287071843
10078.408955623
6253.6347925046
-363.5564053778
4448.524611308
25441.4171863436
19602.8426082163
177.8705690991
25126.463246703
24291.0525780557
22449.016515859
26693.4747781059
4506.2655565221
12942.0241462507
22720.7527881926
8697.96566626
5597.1119530458
15842.9716509221
4099.2204880968
5020.5196083771
5437.8896468165
25757.243373252
-1137.7554719086
17484.8005332443
5125.1729249376
-1206.1642952703
581.537897451
5658.6648918391
1282.4251416311
1155.7350320218
10065.6228124339
16184.9319986147
9108.17209156
-1367.6055534496
9566.3921065891
27389.6043675002
23851.1518979792
736.7359963448
15404.501110124
26269.8843251154
11772.7378788848
17239.3426819397
12915.6058827174
19442.8316279965
20437.429844664
7963.544963749
15530.4265346093
15790.8509443949
-1190.3173786722
3309.799238706
23529.387506818
6003.4780310463
23982.6196433405
4786.9292313026
5613.3890775318
6335.232393721
4385.6294899611
22281.4149909692
12866.8915823377
634.3017119531
22907.7288131826
25089.8297423456
-3741.936334636
7486.2138215405
955.9681521856
25748.2488999462
8670.4057319746
12692.0846961784
13804.422022267
-2798.2908511029
26511.7363841119
7098.5460162849
10433.8303345387
14793.7933819518
4597.0405899829
10905.0343008798
18556.9850802567
25186.3568688854
2441.54723219
3016.2004857945
2794.0609170374
5290.3678195771
16524.8154672118
6601.1600591839
-3120.570510331
15796.2471313607
8303.7467135804
9738.6558605532
6383.4809310638
3770.914977383
17607.9114356786
18688.1061957033
27725.1041370236
2924.9771786937
13717.6497272908
3832.4331025667
-2158.2162892253
3274.7278652367
11857.4602729619
14501.5620049294
15430.7979541107
15398.458237517
13845.831780615
16174.7096257411
-138.4981219816
15193.4406618484
3087.6227812215
19399.6991020098
27698.9256468835
9832.6077756896
12585.1377304991
5227.8346826844
7041.6114792429
12091.0170364651
18940.5467633637
8420.174649134
24099.1565137822
17680.3165522724
5849.6691246288
13339.9169167781
6480.548630964
2926.5477065907
9306.5501689529
-2760.5838251831
-67.3418161507
9095.1385511556
26955.0340915441
4088.5227011445
7173.0266919674
666.3434796424
14123.3743390021
-1392.4974288217
6380.7500968396
-1972.6561871427
9051.0946557444
17895.1398680946
14404.0117772944
16485.0957533108
26172.3788270271
-2387.9420588221
26355.9602175015
12149.7978290105
9974.2907424837
19761.169523038
6081.9593218417
3927.434481335
14662.7841353083
6685.2674254835
13337.0617183648
83.1829591087
4428.911568231
4667.2493409181
27205.9018525762
7364.8173380081
16215.6951869832
-2364.5456251514
18579.3557571787
25923.2020587211
11470.5720592907
-480.5393743692
16521.4280451944
17952.2430957328
14481.6134977204
22560.1656134815
409.7880571415
636.1763958938
15338.0167945734
-441.4991628436
18791.5085077218
17125.9812093526
20751.1244096154
27285.131473379
-2887.1062810163
5401.3262110454
15536.8770884284
13802.3493921559
409.3840723572
6541.4086441703
-2607.0365343667
8640.2393177171
14889.0707444705
-2286.1990465221
23602.7159781684
16437.7955017656
19450.1989722003
1436.2821784687
-2363.4256633364
25999.6555292962
17098.5337191169
20580.976642286
7440.2137638299
21082.6595563729
23795.2630830288
-2427.3135292017
3764.2291457603
-2466.5714369079
-2653.4970505383
9112.3519008662
24099.196028931
12967.8328637416
23500.8115852058
23412.8740558294
21266.949180065
19873.1895717019
720.4524130286
22118.7067237074
21151.703057416
18327.3127206089
3030.3176327811
22338.4609383259
18887.7769723215
14776.1035853628
4893.8805221716
11778.0443895702
16547.9813703027
23059.6997761796
6868.3296166847
6784.091737061
21421.9594286176
3346.7095561515
22910.64449053
5424.5179270258
27458.8782756633
26812.9845405314
10373.1257369712
-3131.4981683132
10901.6929925323
22453.7068351073
13370.1489462918
15688.7390627436
12071.8569651219

