839.9991637582
1200.4644029819
720.3143915456
707.2092185148
899.6463204343
992.8155030487
1116.4970116517
1018.3878913693
759.5690425143
717.4328994663
1113.3516790259
693.3600660457
795.9968104313
963.6278311696
922.5212499044
1126.0115121508
918.083609707
1049.7857233286
682.9355043855
1085.9359708757
701.728689887
985.9779932347
746.4866000506
809.7318348952
1136.6634296705
717.6877596289
1258.6255373888
1001.7754299637
1203.8348919955
755.20044447
1048.6037760089
1140.5426789525
1165.1721446599
1168.1556386372
1213.2075244088
941.4667344736
988.4176176173
790.9855082449
1285.7009824449
1023.1095909578
1167.389514562
1261.5808253415
752.3447234847
991.4464357478
862.3730356253
703.6334573105
1223.751654894
1117.8992683215
981.6169116171
1146.5539381837
747.582396865
920.9168807786
771.1204948927
1228.1843369095
1166.6163110414
998.4459190797
1161.821674678
1073.6767947496
693.8602019407
868.7753139817
1254.3568211085
1167.2417753358
718.6261291909
772.1378005917
1252.4268377354
735.6770664925
708.5267552554
949.106019904
906.4706607308
1262.9480917667
960.7071681303
1282.8757930663
877.2775202948
861.2911500305
1272.3970928649
1052.0711541988
1259.7844331852
1083.5704604665
1015.9257749028
799.2010764312
939.4712675798
1032.7984139627
1178.6645971961
1256.261087364
797.9895578425
1239.1798545458
923.4706667135
1071.3644074221
917.7513546462
1256.5046348003
1064.3102110918
1060.1792938906
927.3534704391
785.0832173256
1241.9799699741
946.3624476535
846.9990436142
1182.553615601
840.8705262101
852.0060339306
925.4060576271
1070.8937220863
1258.6087751994
1136.4654625866
732.0621715487
684.0931891565
723.9566683786
1112.382181142
862.9808987537
740.7396807161
861.1605969028
1018.0189471159
779.6894028298
1152.1615655301
1219.3318838568
740.4752156731
810.3354926898
756.0368429005
1142.4476754549
887.6251106131
801.4160676354
1128.3501899732
751.8022134863
908.9992986678
981.376791587
900.2684869437
687.6607512706
1232.1805121194
889.0412650459
791.7024826992
1281.3420655111
894.4953220416
828.3792354772
1292.5926763546
852.0277740536
1235.4610008037
1279.4288198447
806.1970308223
689.1831364299
843.8876584457
907.5030360299
799.2213569718
881.8909538
1063.5079536486
1127.8126913392
1262.6949062177
1286.0356690367
1225.8967333773
1228.3509641571
1263.3084033195
892.0612417523
741.987268048
978.5415791097
1121.8478649012
922.2001323749
1248.8863587692
1041.5601933629
735.4092558972
1051.2439539287
1055.7545147668
881.4098354909
732.1558731763
781.6367628765
751.1204502167
984.0372545372
1187.474322652
995.5167256753
912.1753956048
1036.052817524
876.033515988
1020.3790913627
757.6684836132
1086.2536874435
1259.7206989899
1169.2910442547
776.4576738436
1114.6013341617
1276.4611199179
1014.374349622
886.3796523123
1030.1685838778
687.4597740613
1082.5859403764
1194.2771862509
811.9860431488
787.3955168783
797.3491183697
931.2234581248
784.592900382
722.9644899844
1081.9286062624
763.847858602
857.6360052016
1207.2924772668
920.1624095504
904.7936725045
802.3862881572
994.0198985377
877.5143669808
742.3765749252
1252.8495677712
1212.1978055539
1087.3378138623
951.7922990027
814.1538782022
1280.271357349
1196.9144285394
1063.5298273087
1254.3364675337
815.8103147132
768.080198203
764.37682736
815.1806968359
1292.9678651278
805.5662162513
1066.7894626548
1048.7441336699
1267.1670244449
766.184482681
1169.9742913622
731.8690105571
899.7008896574
746.8997621748
996.5064516134
820.7802368467
831.3506544824
1180.6003862534
1230.841619678
697.6020427982
822.2925794984
795.7605683667
1186.8697456056
750.8871068611
704.2331625873
1220.1090326252
1221.6980492696
895.4208147774
1133.4129595037
805.3728569946
721.2297534247
1188.1635030299
822.9177691323
1259.4816465437
1030.0448277884
1050.2012509768
1076.9861604392
717.7452610361
916.865193659
1259.6836542326
1100.4075841594
1156.8719543156
726.043501575
1109.6759595459
881.0597728324
1155.0404629595
683.607709559
1232.6685349811
1193.4990120456
703.69124969
1078.3815110585
884.2872425975
1051.2042513901
1127.3685421743
889.9953479428
1236.3340246515
919.5735706205
970.5003463588
743.6121376175
754.5471396786
776.1144141076
882.0510185505
705.545503298
775.0317679218
976.3041732745
693.5058855227
978.6996501444
737.3826417081
1221.3316848171
770.3325022681
905.7574570939
1070.4908003634
993.3805263296
1228.5211807183
1091.5493447609
721.9051349659
1287.5737580893
844.021646133
933.6833076821
1241.6459282876
847.3037878554
703.4369160474
930.8176914267
915.0591887163
1179.7643577767
791.7488307694
975.6836986314
1241.6591457027
933.5150735122
887.0863505367
856.69156548
981.2987052511
982.240386737
885.8251702399
1076.8928892869
1125.2130855187
751.0642657286
1033.3311685895
913.2325434675
907.1232696812
856.1989077941
1032.756530002
786.4407245842
1235.2164318541
906.7551429342
892.7705247303
999.5549629387
795.3008326809
945.7181348872
1199.2382948243
1099.2024193243
1294.0111882229
899.7483878433
791.1104652566
1017.4493799798
917.0156389866
1021.7990166001
1064.6438653157
1083.3089498928
1198.0288732411
837.6713755168
1123.5968087892
1199.5436547472
763.0015490357
1191.2865915958
1199.6984960097
1249.6673912011
885.9002032698
927.5964277427
767.2981596923
1252.441835991
815.1581329942
1149.0568563547
760.7633675224
972.8218512532
774.0538279252
1147.8610452095
1279.2900189514
1108.1435007422
1034.6370624518
1233.4519931235
991.6614845054
979.7218836423
1247.6968321872
702.4747868438
916.0776478205
1069.9015045607
907.5924192226
1187.7807804315
873.427950062
1285.4717930345
990.0205511489
725.2144891461
1097.7423048045
1244.1948445217
1090.3757794097
1049.5261423893
974.6387022636
974.9351363285
1031.685553167
1060.1047053765
806.6566911575
1226.1433687967
800.9043333481
876.8375233206
997.8768305042
854.4405755159
933.0020426255
1266.7025608548
1252.2705293453
793.3215007248
1149.0061595239
796.6651105995
797.8638249839
950.3064816338
907.6392613654
1136.3066923769
1238.3661895997
1146.9468222163
1124.3729228144
945.8233228329
782.548040574
918.092455204
774.7440666301
867.9980455626
1112.7444930145
699.1651553642
800.3546400902
1248.7127999524
882.3175278602
1168.1490972858
859.5010987247
811.5310281605
871.7785934328
1028.6853460143
781.9884482861
693.5030911917
1267.9737863483
1225.0325019387
1151.3682127175
1067.4674953007
1120.6836327837
901.7410910886
725.0131689073
1145.848992753
733.6012721249
953.2934984848
1076.7691547077
762.7527714674
686.8405007739
1029.1248309911
924.9949604914
864.3216676319
794.91826066
703.8850660676
756.4157532121
743.2509536058
1210.6941401293
1133.1368423123
1094.2615829384
906.4777549156
838.6786847746
713.4412595283
803.9765258959
873.4414442843
1162.3469717327
950.0047096325
802.4292866093
936.6948268653
877.0458020367
1167.2587194793
869.2754872387
1055.6798782538
1025.6709441316
1103.2434043571
1090.8374702814
1187.944419463
1242.5155994239
828.7070181771
731.9565819024
869.7423221389
1125.2692151188
833.8437811802
1017.5987720067
716.1274439384
767.2927733541
1034.9503939557
1145.5325868234
1138.790572301
1196.3325027862
1074.0848141903
1219.8523793151
1006.4115981247
733.9657192814
1212.6130812544
714.4151637632
850.8997341935
820.2781458995
1166.6844962339
754.5796584776
753.35754656
1103.3658131395
799.2434632604
1165.3395727453
1295.9860685394
1125.2152736457
963.5108303821
697.5301200788
911.5359477508
683.8800483986
854.4527122944
1177.5001375131
844.4478222673
720.6312953304
731.6928788313
1040.2433848949
1228.5920770862
792.0192781971
1127.0033952803
835.9919709937
1074.5644150414
1110.432725595
748.856224472
1153.5818457399
857.7254762457
782.1355985111
775.6429566221
896.2682527096
772.9918005794
910.6192128801
813.1618053671
1152.7430062077
751.2671717096
972.3722711679
1168.3896687319
696.383933203
1073.6870451738
710.2130337029
936.7899882932
950.6955846937
881.0645186432
812.6533410971
999.4965840517
1101.3131844628
1021.2246817459
1244.6873616229
808.8158441118
858.6072188514
867.2743577116
1004.5925325171
1232.2739110453
1258.109576949
863.9513926992
970.1228434783
703.9210089417
1265.5571694265
1282.0386461367
1158.407468147
877.238386804
979.5761092925
934.6686465311
1243.8122698788
955.8996120459
769.742472331
731.5089474496
1016.2002744126
700.698690498
1048.6372940693
947.6741712036
695.2218677524
1083.032253831
694.5630756266
1218.2117664321
1052.420520331
729.7566592623
763.4714305
1296.3011887889
1272.016755239
1003.1187879606
1158.6029957766
1257.5159811683
968.1870946782
758.107276622
1172.5848362395
866.1858118511
1109.184392606
701.27117927
749.1769713191
746.9361314764
1194.9025050126
682.6562370108
811.1162766712
681.6064605739
895.6139432484
1113.4395844589
1228.4119226152
1169.7570522161
1279.3073065561
994.8397681829
887.8746761667
747.1359466993
1102.8338316109
753.613095144
1213.3584365926
750.9141508745
958.466244253
1055.0129918278
957.3312155563
941.1729777964
1096.7036044051
1104.0656589925
1131.687551033
1280.9090339523
1180.011323416
850.0732402433
1131.159319901
952.0948076456
759.4388578711
772.5377040119
1157.5764244612
803.0642579362
1012.959333839
1162.2122507592
898.8347034052
1053.3993527057
964.9165481571
992.4336243921
1210.4344566071
1169.3935752645
892.1717879799
733.3965020608
1236.4426278029
1105.4948450992
1255.6324735859
910.1348421206
1263.6311097181
1144.3893298423
986.3380535283
689.5474671175
1194.1359022999
907.5627498283
701.6183307488
1083.1413059685
1087.035394134
1024.6733157867
1273.8624018999
1105.6737768415
1158.6194695785
688.6614285364
701.023633481
905.4714949346
778.7749330991
1029.7201417652
1162.7210679981
688.5419551026
1065.6722494012
1123.6751282161
1055.9960842135
1063.8182389361
1225.3975380342
951.9864659394
1114.425733489
1169.4117142413
1222.1958474239
682.9856398984
711.3641303752
1209.7226612465
931.6155508463
773.4954429444
800.6266511405
1021.3261539574
1253.6079877217
953.5529907514
1180.7890915062
1210.0597661883
864.7014750411
1065.2588248802
1285.3867371417
1276.8559627847
966.9921206089
1033.5218952837
757.2909589171
1058.6917857936
1172.100933288
735.1640131507
776.0026939142
1099.7347345056
834.4621193788
909.1107715255
1087.7781701094
1192.9063963247
911.2065637762
904.4165813049
988.6708065385
986.7571738714
856.6803404087
1207.4237178246
866.5073218972
698.0541149311
786.66868336
1030.7238206233
864.161526465
891.3033513807
1166.0150499231
757.947038004
712.9597663413
1187.4891807735
1218.8539109059
1049.1381581837
827.8501907939
1061.2013390747
982.8934120908
780.6551135703
1105.6992400763
928.2320851019
805.0018977448
956.1703899948
848.6002864596
697.7719353683
1125.0120335099
988.3712298709
821.242243924
1145.3568403403
1081.300459895
930.6036136169
1111.6591496958
732.3601051386
1151.3066152903
1283.9354444221
744.7850936776
958.8921657193
1097.7885715096
992.6566754475
936.051831165
805.3577517786
1044.1621829527
1197.7878778435
729.832057021
806.6791219658
753.3458491294
1053.1184077385
685.1258108778
701.880696413
706.4129801956
1205.3374783809
1002.8945829056
1215.0053382726
783.8457979425
907.4715215975
1230.5632901597
1116.855963812
985.1938137515
1146.0315660017
748.7298556067
1270.1214067535
898.9242052092
910.8711770932
738.7263496713
1169.3468401507
1221.5479474682
1103.2769502475
1217.3560737344
1104.5970799977
730.2436833874
720.272378408
1023.8623510593
878.1549363701
1254.0186718143
1157.4643593327
866.9044693749
1150.3741202117
707.3767084989
1136.6742247687
890.4257006847
782.6480523854
968.7505981103
1285.7089136754
871.9002707659
979.7431965296
906.5259216063
1126.1691512851
1254.308205706
1010.4700671029
1298.0209867911
835.2829078438
1065.4926227329
789.3548903791
793.6618422522
791.1251500078
1286.6439135315
1277.0529786112
732.4123072583
1069.9648679592
1176.1669388986
941.6630438099
796.0603009897
1038.4851024048
1122.5010896835
715.7818710231
772.1393443821
931.384496307
877.3448237967
966.4132643585
949.850970268
1213.5771353454
897.3320693979
1056.8000167699
1060.5178478784
1040.5939303418
1017.7600305481
995.628392526
756.3232715882
985.8002852762
1180.9820675429
909.3259224667
1247.9468300162
984.2463221732
995.3016623053
1270.7293133833
944.2828135141
1135.7011922888
886.4757650514
966.2794359147
1254.4171987578
1178.4785789745
927.9616471066
821.8879037535
1263.1250686443
1023.977256922
1290.3018327954
1273.5657966635
1002.8326965
755.6896323556
1090.5121916653
1001.5667136853
741.4335179304
759.7792095084
959.446587831
1081.7004904514
810.2876144485
1144.074968874
825.4399208709
1074.4838072463
753.6560311818
928.9791336685
1085.237225148
1002.2927945746
932.9265509582
1253.4545432558
1032.4663755272
884.825887505
1002.6994475549
882.5576679164
1192.316027114
1141.8940258477
1204.9597396291
1222.1682028142
1020.2566497957
1155.1874215649
814.7404174834
1077.9152982816
1254.4937960749
895.0055378742
811.888262458
851.8269561975
977.7807359556
1003.3943933083
780.0660038592
1268.5817618538
1288.1692749641
1119.3627964901
1036.552719974
1138.4389873386
874.7431533725
1137.7230926984
1110.4654192554
732.3966715704
1065.2156006153
902.4086193371
1082.7020738123
746.2005048744
706.5714741641
712.5567243344
988.3994777694
1087.7618327847
1153.9793119607
1121.0192306082
844.7856603276
1166.1911928042
689.8812246106
941.7604956362
1026.1311795033
694.7436192076
1145.331959441
700.6922693134
802.1627274351
972.7376798409
717.0520370154
848.0521803559
883.1965679127
1064.0948624556
783.9083706794
1016.0743807625
1166.639345876
1200.082213872
855.7733401879
913.2359031878
1242.4423162389
850.4083851498
1115.3333801488
1049.9427103958
1014.1077014222
1125.6064168049
1267.917891503
1055.697606411
1130.6621138285
921.3043483834
1230.2228346808
696.5832438238
740.4402695439
803.5648946782
1219.059138007
846.0860763754
967.3314804432
1151.981761123
786.7894607955
879.8509027346
1102.8777757778
1294.6928753505
1278.135476894
920.2143288029
1241.3051277296
780.6494295801
1241.4949094205
1193.2395226187
964.1300387919
750.0850457649
1224.5208968907
1020.065659536
997.7183920892
986.2171833755
1171.1080962305
1158.7226123217
857.7830189846
783.6727371544
942.3345985944
1213.6365691203
736.5842701862
1003.6270863152
871.8748821822
925.5264929074
1234.8337856643
1284.6640028853
1106.6432023673
848.8913935438
1148.6191293244
1243.3509013016
1079.9851557317
758.6982174164
1178.5314591103
1145.8809417838
1051.7557910381
1134.6140760675
875.355178622
1064.8543306868
902.8498807566
1140.7555413554
748.1259760329
937.7435358088
972.0749068051
968.4807914386
902.7096000957
681.9821564836
1204.6278900675
1042.6131763933
930.2781393695
931.51439063
1127.4390336008
1178.1583402616
757.6141616554
788.2590868373
1281.8637477025
1280.9154140532
701.9579578727
942.7244436318
904.2098093909
1036.499247116
826.4695744411
952.6229435264
1266.9462361532
794.66983764
1115.3196119733
1230.8888185763
826.1229676394
1016.2112598002
1252.793477274
1295.0563841908
1155.0762053232
861.469458426
755.787100203
873.3278252456
742.2673621887
800.7445605772
681.2351021736
1106.5001868141
1064.1115321241
1084.4399771627
1178.52800573
857.0841192615
859.8560976485
928.62418937
813.279644815
891.1836947088
1267.0801236124
934.1327567493
1251.280241248
1094.3274335345
775.8422433435
925.5995082921
1073.0869464987
714.8702215544
835.9559884577
1100.8018698666
1118.2382229522
933.378786999
842.7455235929
785.3353696196
1147.7650358197
945.9848512563
1131.6466269956
1196.7894633761

