188.7213076421
192.9443010776
171.1993595701
197.8624081951
197.6000233566
170.5956630999
179.3585309785
193.8514217168
182.9088791346
197.8775862741
196.399815758
173.2006811699
178.4446640047
177.5483068252
187.1071996333
189.6292961137
167.3274623107
177.9116907392
191.7311138575
181.875804754
172.7516536806
175.6594025613
166.4620839841
187.4415347888
180.820297894
170.1260094645
195.7316739327
195.4223808835
176.0556827954
182.6523832309
176.9253622639
184.3377904118
179.1977340569
183.5027044471
186.2827061914
188.564800761
196.4792652122
171.4846007969
175.6809702102
178.748565335
166.1206742383
194.6146690623
188.1337941711
188.0359254626
193.272422609
184.2325792229
168.6421498483
181.7424565629
194.8150819468
188.4524280413
170.1841682557
191.3855642647
176.1559365686
179.8694067947
175.3693108286
174.9630461147
169.0631767707
178.8511700366
166.4574703874
164.0730748894
193.5892068481
197.1987022902
185.3439129079
176.6065515653
176.1237631955
193.5461680799
182.2527260265
182.4844150461
184.3168866108
177.1802238966
190.5232488725
176.9115584173
187.8409048922
174.7833738447
177.5048885075
195.2265803611
173.4568841061
190.9251662192
190.0333881279
175.1102929028
185.8939644101
175.2557058903
169.9763537486
183.9531995745
171.1709390598
179.8530214685
165.7342994507
164.8942552982
197.3427683594
187.6361400683
182.9960259025
191.8081358591
195.5770497599
172.2646403076
189.256517047
183.876340342
180.8789044942
194.5372260142
196.0681811919
192.7739862475
196.9802639415
175.2267942957
178.4160368069
173.0205841472
176.0527511945
187.1945476641
188.067792986
168.4461673293
178.0369046387
197.1862114152
178.0914769361
186.231638794
194.7056320147
167.9455323618
184.6695922745
169.4010159616
194.0374679243
190.6759052629
184.4755924246
185.5918855605
166.7534940875
165.1695088692
166.7274092845
172.9303001991
197.3615597611
173.7603815676
187.3302986944
179.351477133
187.7170801997
176.943553777
197.9568867094
186.2057656419
182.3583620048
164.121949908
181.8493788305
187.7949598235
187.7183905803
170.0562152009
173.0449122171
176.0019616801
190.3681197055
167.3261162274
174.8551001936
194.945897178
191.0698409363
191.0426212707
165.7643266362
194.249695551
164.4377634887
196.2367870778
194.7280844803
190.4573002348
181.9942740264
197.2903027871
173.7651585553
181.5230032164
192.7265676691
189.4349506326
173.8511284448
173.3391654206
197.4220272578
177.937826579
176.8692279813
169.3857105549
165.3072842532
180.5956836066
183.5878876802
193.2235054601
197.4032990855
175.1716124933
168.2297200833
182.2320331029
188.8228892333
173.2965253541
197.2185604356
164.1615843629
167.6375981578
186.5285346956
165.7680417808
174.553349928
191.8876421663
185.8707517705
178.3830350471
175.4775246782
174.1938867716
192.1748718386
183.3811522135
186.3091234835
187.1006306124
181.2121910454
183.8217278588
192.1384697614
176.3452427611
169.5161427286
192.0668163044
172.6818506809
180.2943566738
192.8325128387
177.0944389332
182.4947182166
174.0349711094
192.554978311
177.2511791247
181.617264228
195.8469583325
189.0035545288
193.1052921507
187.9811867736
168.5351022819
181.539064186
165.380574273
171.0701703673
165.5067749906
185.6492999483
186.9143917776
179.0179884076
171.6849327461
185.8986812357
187.0232778968
183.7261558026
197.363794945
186.2454047078
197.475292211
184.1865972085
193.0148161433
176.2377834754
170.5972902028
192.9862851185
175.6529923043
190.5624456625
180.171668517
193.6479617085
174.2898403454
191.418556993
164.3696722338
166.5119108566
164.6072300422
190.0268881095
172.5325224839
188.3828989604
174.2128879414
177.8183476653
181.3339533591
182.6391786325
172.1606349377
187.9238618477
168.9208657103
172.9136018226
196.99916491
168.4871866865
164.8228515462
197.6389075883
183.7386149718
177.1739731291
172.4164317903
193.598007207
171.0868694726
177.4504110125
193.9729647415
179.4273500708
176.7497723325
185.8883758322
174.1686638983
184.3926509078
169.5649348747
181.1482379627
187.0371996716
164.2044993265
171.1000625057
166.3476694659
168.1562413901
190.0304097958
180.5686314559
193.1391274186
187.7454775265
168.7857606268
197.7338382267
181.8083277983
188.0683009425
187.5398056391
190.5265583459
176.037549022
170.2445075299
197.2470774823
177.8081975995
191.6273184331
166.3546492032
165.2331373008
196.0401841094
173.8868353446
188.8841441026
180.2022530069
174.7636311249
181.9460582753
165.1866393291
182.8083401336
171.7742822477
180.4506223935
188.5138256762
165.7275570491
170.0818742718
186.2686789712
179.081187416
197.5035504685
197.699928969
197.6171049307
185.1762942008
191.3822560968
185.6887190536
167.7544540941
184.5779989407
169.48283068
168.8982973752
195.7155486468
169.3522703812
192.1539125515
165.8584711339
196.8465097345
166.3465253297
164.5235710707
170.7533833513
182.3219645502
189.4997906018
177.9922859381
184.4524042306
177.371368864
187.3673383597
166.3390062558
165.1042139579
174.4659098016
190.628068466
180.0356872151
186.0894800463
177.9569792448
181.1407056042
164.5914435219
186.622700202
167.6978746111
167.6391156716
194.7767999042
180.1436708041
164.4128448552
190.6703468757
190.9905748334
167.5391065572
188.4274577143
186.0888038614
180.1880207276
176.1916058506
164.6411535358
190.5345728848
189.4631863698
193.3179422528
168.1165352682
195.726839739
183.4136332584
186.7540813052
181.3159488236
193.3793083973
175.3616022689
184.6254127192
174.7930496804
173.8331287445
186.97253423
192.9597294913
196.6877221993
175.4165164493
181.5504122392
164.840765854
178.1337566717
195.3329516694
190.0469401776
175.2710191338
182.4236929528
172.2012025896
176.126369126
192.5470125246
187.8583492049
197.905616345
184.2471152105
181.2402058482
180.8476466005
184.3313567921
173.8896188208
170.7589956196
190.0861810381
164.5197760865
191.6961909092
166.2223982827
188.3162711014
188.7907361055
171.3159217217
195.1900021172
172.8971442288
178.5964423554
194.498744438
186.7976672838
180.9072127599
164.0498388079
164.984086416
168.2884323869
187.4237223176
166.8631064742
173.760438386
186.9450197759
186.9681653894
184.5133797665
184.6380710501
187.0462646123
193.3640039302
180.7573787546
167.0380992389
174.6984197721
195.3969709656
170.1919344508
174.153243508
182.3197536506
195.1016684087
189.800716535
195.5321528616
193.4954971586
182.3578120725
183.7133399289
170.1332803397
170.2706022737
180.0996948321
179.5929150542
197.7450978461
169.0807106349
165.4508720987
169.3620497909
177.5774040637
187.9617510604
171.7025650358
172.490092779
170.6445868916
165.8855004224
181.1981988057
180.6750326448
164.9166432082
173.3042315525
180.4969677411
179.9735780729
173.2170166912
165.5365963189
180.4484590483
177.6078410877
183.8699026229
197.9150233384
176.7790368217
184.0331746282
179.5745250205
197.0210439806
196.6839620322
170.8748922124
178.6839480295
176.3450283364
179.7505072215
190.7031236672
178.496175905
176.859905498
176.1420963359
183.5975072209
184.1524151341
182.5016976742
196.7459097687
172.0002182365
165.7309594049
182.8878948984
196.1871606846
170.8813424643
167.68762528
182.474456942
177.2321328289
191.5519653851
180.39415074
176.9776490464
169.3193385059
195.7650808158
194.8952938417
187.8867110162
182.1383047335
172.1875477237
182.5824553284
188.0731105247
173.3228479175
172.6961070558
194.7897557607
165.9446186398
169.3058710511
184.7520839213
189.9069406838
175.7212387768
172.8748292001
170.8108384634
173.7712063427
195.9903102129
180.2979501037
191.3091608426
190.9893755371
196.1407031258
180.1851180133
164.3436460607
172.1038981042
197.0180274954
167.0557178657
181.7929968481
186.9716129143
172.3682235702
164.7994696291
188.3550015718
178.9368541374
176.151143535
174.1387461666
188.8148517793
192.3093115296
190.4461542949
170.6028668881
182.968278673
188.9536567655
181.8653533188
167.4018043545
186.6826276876
164.553707342
170.1752064453
169.1563376144
175.5206362721
168.7930268882
167.3730461207
193.4328268902
168.07617682
183.9406717207
172.5388815708
164.1005525292
187.8643544947
184.0092491329
191.7763408886
175.8984577953
183.3591563858
186.6173401034
190.9447339921
197.3918569292
168.7846758612
185.3096704406
171.3839755946
193.6390161526
193.2796693218
187.595084777
185.9902751536
177.6035359176
181.282868885
195.6031275443
196.6274532767
176.7011738142
185.3954382295
186.2621574725
193.1449584337
186.7376093919
164.024752547
185.3080976502
181.6271676038
194.3458335355
186.1843307666
195.4463602636
180.2185405547
196.9920911948
180.4830656952
190.5295919381
165.3101140423
186.8159205437
188.7656157867
182.6158777472
173.8825104818
179.1801380301
188.705980399
168.9340140367
165.637178087
172.7254896089
192.1876246378
197.8809109935
179.8424197814
188.7984433821
174.4540662229
171.8190047105
178.933048475
165.8020138895
189.0659869368
180.107307903
186.932256344
187.184388458
196.1388904968
168.3490888684
196.5422416162
167.4143684918
192.6896750423
170.392825316
169.0974636902
192.5997419773
191.0214829444
174.798623644
188.7198851654
189.4761847613
194.7393079895
172.7785315376
173.0094199338
164.1171604659
174.4235412273
177.3607571239
177.064144271
190.27679942
185.2683072578
190.7664716845
189.8348442775
191.7459334003
175.6784740088
194.2734926156
186.797439768
170.5142486829
191.4972319959
177.0134905448
197.1704057826
187.9063694415
195.6069381398
176.9512984336
193.7425895433
165.6858413394
179.8519133659
166.4721281328
167.7892632309
189.4838656745
170.1808543722
169.6574963223
173.6485760221
175.2842656471
184.0023846301
191.5445478887
186.8091488188
191.2376926599
187.0041023006
195.3000330091
174.4426734017
175.9133078724
184.5431594991
186.3583217956
177.7997036224
165.963220992
181.315372779
189.053438662
169.5937147955
178.6286150789
193.4580514604
194.9377248126
172.2520263237
191.2756507436
197.9647930761
178.2488716799
174.9741015288
173.2464811107
189.5255142736
196.4134163729
180.7647355865
164.2592901399
197.5972680145
194.246167408
176.722142329
182.4305312348
189.306872389
195.6211024778
194.9115243379
183.2400304221
192.9622586925
181.4786291524
186.0397997392
174.8553682297
180.9724859273
175.4862005948
179.9828428498
190.2112750833
174.2984242014
188.4536938168
192.0957487826
189.0937745983
176.6718289678
168.7482735422
167.7358624274
186.8232053668
190.2280130396
175.0417806381
172.5204918482
174.9636739677
167.9704513105
168.3926206472
188.8821181289
178.213037823
185.7991142934
171.2780281989
192.9797405382
180.8853684168
184.79216814
190.9495017364
192.1922558084
193.5007941637
179.2460670171
192.8101178857
181.9716863643
188.7986548864
189.062917265
182.3835331589
194.7604706473
170.8466663608
174.1124234019
169.9414910512
171.0966237626
171.862093585
187.7209120173
180.227546162
184.0643257746
166.0218509634
180.9992468021
182.7032488308
174.790649901
176.5770237635
167.6511660126
181.6259990622
169.5200113673
190.6956780192
190.9591659323
186.5596466535
174.4832803254
169.037570073
165.8898795914
179.1191831524
185.3306384838
167.5011196699
180.3126735299
176.4965401447
178.5492024983
165.6750469403
179.1995637998
189.4008030144
189.7447620454
185.057795796
182.1284037244
177.9549625072
178.5204634741
168.8139261703
167.3238868807
165.3506784951
194.431056528
168.965520365
166.6665427719
189.5992270529
172.0524364331
174.1711713628
171.7064750004
179.249515141
177.9898115254
173.3353669852
173.3442413949
186.7843353263
181.9998169399
188.6883172202
194.2112861371
190.7850666884
189.3509670201
172.1174426272
174.4979475895
194.3106098314
174.9180975444
183.5502278775
173.4364784918
181.5852259543
196.1444703977
177.9434118034
191.3644527696
194.2137653571
195.5230371845
170.2093573829
197.0117407273
175.8044725901
189.7207044959
173.8662960177
190.5474493183
168.5224624945
187.3380482361
184.6916457062
172.29355707
184.4233206023
193.6823541717
179.8610026499
172.367511953
168.5098667678
192.3266270931
197.0060972312
175.2515431651
197.7119274019
184.1361709902
171.2876134599
186.7699816601
188.5334164096
183.1233875885
194.3143995934
167.8620060392
190.628561233
170.368389927
194.0665125576
191.3446425079
185.0465054899
169.7132239988
195.6534531641
174.9205809263
179.2681968736
172.0349744357
175.5943605751
180.7653549929
188.0210589307
171.7236355964
196.3995497429
165.3451952576
194.0224729555
180.540758435
190.9831973431
186.0385861056
173.8418283309
174.1772480189
164.3170330027
178.5480635588
177.872970243
177.7476030101
177.1155046584
193.686744268
186.899296205
196.9370565821
171.138053518
190.4655072959
189.3681737769
180.9535688621
188.7596660592
177.1575136621
194.2389076581
181.5667719129
177.6193399766
173.0881020184
168.2083875959
169.7967070795
180.0024571221
181.5654071369
165.2260070226
171.5657583393
180.990916262
175.5318618406
192.5517911578
182.1574886851
187.6393878447
166.139310763
176.3558855074
174.6486999714
196.9393480677
192.3302619963
180.1276335188
188.6725396926
189.6852198141
179.317753617
180.786589359
178.6200102442
187.5020106535
192.1135074451
195.8643376457
164.9206991779
185.3435680272
176.7498674024
196.7585792701
177.3418867831
182.3545868921
185.2264491922
197.8116403807
193.0853164023
184.1233587791
169.7393759052
178.919647592
196.395497352
172.00416095
186.2545011787
178.3687997641
192.06134027
191.3766003744
178.418402499
197.0358203005
168.5731790951
185.7745258352
196.9138995396
165.8825677147
167.2765588083
191.7475052272
185.9488482109
179.729776972
190.1521318958
190.2267032189
181.2660976437
183.0828665384
189.1640100476
180.7561122095
192.6279145458
178.0662597928
176.6516877422
174.7938699768
170.9749419718
186.3730820172
171.6940538874
164.4717124448
185.2195088291
174.2341619288
188.0630763957
194.6754826667
173.1324304286
169.6195950066
170.14503026
170.8218936599
164.9152045438
171.6869386393
165.1041444735
179.4966681541
194.892678092
193.701327361
168.5430411365
183.7668230003
173.1633216448
175.1795627706
164.3857304557
165.2779944113
173.4960161876
168.812551644
174.764338024
176.9310933187
177.5916456326
168.0437583207
169.58197326
173.6173291122
180.020362591
168.7928060092
191.9863424571
195.0409980653
171.3622861305
172.7498316355
182.7880490462
191.7213059569
194.3264781009
194.4648476579
184.3376774209
186.7188047153
194.0542843926
191.843225408
194.3658565369
169.5001481219
167.4620554344
177.0999211146
164.585660958
185.5581292289
195.8101403694
189.298369379
182.6421968883
172.0498771491
180.8432481153
170.2420245459
187.3641034169
179.6618082726
174.8499594737
178.7922933577
170.4315589833
197.6150861044
171.3800547816
180.3661552709
183.7849280131
173.9657027087
172.3915447622
191.7730025878
186.8828984863
197.2098221401
197.2408398112
187.368160089
165.2530525587
175.3102893816
194.8813004124
183.8171007531
165.9736662812
197.4814161592
174.4142437694
172.3593851924
180.8627450782
174.3152696243
167.7259505836
168.30529677
179.6014062438
194.7038725371
194.8487923715
188.8599693992
187.6703136268
175.8484132821
168.9480759281
187.8572877843

