179.7995561042
195.7347630922
177.2689691444
172.5445125784
188.0756095441
187.239999895
194.0994962109
166.9860998209
176.1630835706
183.1094584953
173.3385366393
168.2168644996
188.7689309103
178.3196704331
182.2288308721
169.1681277278
185.5014040332
173.6864924958
191.5786421035
189.5660403807
173.9499593337
175.7027525503
173.7127282524
189.0621128059
189.6620347461
170.5891066234
165.4583896307
195.2568457801
178.272277269
175.5474207606
188.8977813317
179.6919851983
190.9450103256
182.0108785152
171.0054578279
166.5811180091
194.4760606787
191.3466456628
197.0706265912
176.1137578326
173.103030101
192.6561186207
175.4279337054
195.4854339113
164.2954933598
171.570836811
185.292059693
175.6856261135
169.4666650006
189.5088341078
173.5136212991
174.5642296531
194.8175125856
168.3562650372
178.8374432278
174.8039753614
178.6081305718
196.6053222934
178.1689498452
177.0323408985
184.7615431836
197.2191433755
181.8305718493
191.7625093059
182.720202555
185.6804252057
190.9962503508
182.2921501268
178.2004584397
190.8772460388
182.0419765409
195.9426451577
164.3932025024
164.1357131776
175.1850419229
188.2211238038
193.0163963135
171.0929549
165.9543490102
189.4091539961
195.2791499519
173.3913044484
190.0725571761
190.8424846176
187.0433878729
176.3462209617
173.1878696237
164.9739326276
171.8746557588
196.0444498734
189.8465462987
187.2228268287
166.0664405859
180.066278897
171.5521305252
197.2220085394
170.3333418701
196.4016974653
186.9067977058
166.5963435673
192.8935054375
194.623995493
179.4636998307
174.0375018823
186.9062549718
182.3858419262
170.0293752616
192.2059767187
171.7238048187
171.7928763924
185.4258536172
189.0410023483
187.5901861418
172.4394730645
192.5866021148
196.4532679261
191.6125414224
188.9031509106
185.9384909252
190.1494242284
187.7935294969
174.6553837781
185.39673827
167.7242518851
172.3625379431
185.0280451834
178.2817152327
175.7259508884
165.9193315499
164.9243522466
175.6055847073
195.0894372868
187.7903469963
164.8618260957
164.0973736126
167.9022494549
189.3698834073
175.5463847594
166.4421509974
176.2975464743
168.4591933906
192.9869308155
194.6782761062
188.2677664629
172.9352327224
182.0257626552
169.138707852
181.8986853768
165.2211972742
176.0267723631
197.4244447321
187.4377425122
188.4437625855
173.9011911081
173.4073971055
197.5252011715
175.5529737563
173.7196895888
197.8529215916
196.8489056579
194.3116013917
190.7309548095
194.6962287495
196.570222791
187.7176751797
176.4483612986
167.2229276095
181.8223930927
177.2964312082
181.3394554397
166.3257145182
171.8888984136
165.4616988956
181.769101044
174.1569342246
182.5906879772
176.4308398161
196.971644509
181.7948537183
165.7336199589
172.8613034673
182.6256239176
191.8759362621
179.3003716574
184.5979510162
166.4016553089
188.7174039404
195.1939427949
174.0947522901
169.1787588519
177.956523547
173.4995488361
190.994658291
189.5950076195
164.6465125819
190.1082209543
170.7755790066
165.3676751391
164.6393880451
181.0928829817
186.2892372707
180.5270125668
192.7894224816
197.4008515945
183.2026541219
171.3079584374
179.1224609202
183.1549931199
196.6541231028
180.0428229871
181.1015752643
196.0294336046
184.2556696799
179.666961857
164.9414339321
178.9633961721
176.6871298142
182.7658777507
170.0402481235
164.1003129198
190.3325804323
170.2190262889
169.7551619245
178.9948060573
172.6153610039
190.8571197998
187.5299004672
185.455848626
193.3095592714
188.7269139838
182.9774374502
194.0453221782
194.5078236246
183.7211860262
173.2067508524
169.6990531435
179.7910408239
173.5692557281
168.2506346185
197.5055383234
165.6332348978
176.6857157472
181.1802858929
189.7726181193
182.8696504078
164.5170470866
192.243590477
192.6760980226
167.5887984343
165.972099443
197.2859121072
193.7664188404
178.371917766
164.3374464049
184.2722999328
186.029977984
185.3122492436
191.6842120169
192.717239445
191.2922111932
194.8684790776
187.0753011413
168.2384353364
188.7184664894
195.189451499
191.88334469
167.8422305705
181.2752274494
177.8415894393
170.824969346
169.2420864898
176.5621746572
170.752193667
196.4724208802
176.4124789035
185.2322034804
184.3816026671
164.0085819299
174.7554008067
165.768416981
182.1722287297
185.0644907921
189.448275873
192.6960678953
192.267995958
190.1295316426
197.8790887314
188.7822783169
192.9106041029
164.0363465371
188.4484548478
174.5297820776
192.3575230807
173.9259262992
169.6949262001
175.4268847819
171.4527797858
167.1561384917
173.4840933824
168.9597622633
179.0684848028
193.1866269433
176.0452771502
179.453287871
189.7775499834
180.4197045078
177.4808041316
171.2475431392
182.8917293286
197.734867888
176.0101504033
181.4711450503
197.1466544438
193.3494334483
165.5506188843
181.014390881
181.6743734807
173.9551539474
182.9538804978
187.4203243158
194.0705878458
183.5348929759
179.6008821049
193.5167813565
186.1873616005
170.2360530273
194.2501088779
168.6144319813
181.741994999
194.560788613
189.8031898576
167.628749978
182.6355126867
188.1296573228
185.8527465276
182.2011045135
168.0822489477
167.7030375843
182.7183373073
172.4667085566
185.8482521204
190.4166587517
177.7966369367
185.6785174666
180.5876069358
188.6723196647
172.7421898427
192.0089940307
172.576091718
172.7708426641
172.8517092313
186.8144103763
167.0698959743
167.5715776622
176.2993265854
184.7930287764
194.7843203393
180.2793109498
194.6157493265
184.0407464093
175.3477582829
190.2414504633
184.0753694427
184.0262301286
184.1164947169
168.0050811712
186.6724776203
182.8952279155
195.6328268066
190.4387156551
191.3292411343
176.2006615152
177.8262130915
191.2262766204
168.3994716745
189.3849852783
196.7398797001
176.7200518304
195.1357924629
195.2795867555
186.1304529777
174.5285671328
191.5107250203
193.4487012586
191.7223431989
197.6110555262
191.9154585441
165.6772924362
181.1973016635
167.2702877643
177.6386477649
184.7451158657
170.6199733351
172.6820431862
169.8770247151
182.7907778702
169.211958345
183.7620175535
183.2842986676
192.6508506553
185.6882165649
183.7098262785
184.4809069835
178.0049560764
176.7843513957
188.8579845811
176.4939996273
192.0546327665
193.9160665439
177.0687574198
176.9798845683
180.1264452707
182.8496170242
179.5129495765
193.677628787
175.7394983282
170.5457764311
185.0993060698
194.4850866578
195.7971796193
175.2116017863
185.5182426681
165.341794067
194.0720930306
166.7833067773
176.8253539713
186.3760543522
171.3608099195
184.266626242
196.1171166451
185.5521160773
178.4339362239
164.0978595356
168.475144648
186.9484518122
186.9600781853
165.8464690853
197.3233502636
176.8339098015
184.1086359482
187.2674809368
171.0849520982
166.7022648278
165.6639926379
179.2845582113
171.7751255586
164.2632373075
167.4843409923
168.7555506112
169.4073865994
173.1051272805
178.8113117133
193.3909605417
167.4568119122
183.4326249536
197.0932224002
190.5109442239
185.8920462289
177.090921743
181.3724532517
182.0474621045
172.6054563082
173.1689153658
191.5180294072
186.1869149811
182.8312769383
165.2177550329
164.813707299
179.2780182102
190.2180911923
168.61854508
185.2209242491
176.6604376761
182.2827553234
186.853294048
186.1129994567
172.4577980079
179.0481266181
168.5467527957
178.8480597633
186.2124854306
178.9831279095
166.8918424804
164.6177929616
176.8979278069
180.6599592721
166.6738569187
171.8946351174
169.8500968403
197.5178229886
180.3650583334
173.5303309433
190.5098474387
173.1798772061
164.6104629261
182.0156864931
175.1637340526
177.4144809697
171.9021623485
171.9839909712
165.6101158198
183.0281100054
186.9550676575
171.373678333
185.3716423101
169.4065236637
174.4700829883
175.4616928112
177.0171290765
192.0992377855
166.0443460053
183.8217925107
192.087271267
174.1755526451
185.0386346321
166.6299072067
171.6479480405
167.2706899806
172.2774052621
188.7862817947
165.2735952166
176.2290873302
186.6571239223
182.5956403039
172.923604719
191.9716881074
189.0715989192
190.6147109532
196.7562590486
180.9507201939
164.2462800294
190.1402077914
192.6238305712
187.4640733551
181.9160685641
169.3225864518
177.985829408
165.6802851883
171.7274979564
180.421419838
189.8011021233
179.4047334188
184.6108128054
169.0143810958
175.0614935766
193.7257062422
168.3145629152
166.4619723853
197.827382889
171.6102751068
165.6492537056
166.5258814277
170.5411273052
186.2916884122
185.1432149106
176.6405737628
175.5223490417
168.653413786
180.5763311328
195.8271844076
174.1169610988
169.6648157304
165.4038761394
165.6589244016
176.4598039162
180.4438869063
167.8904694459
176.8354149926
172.8956135247
183.0265328807
165.3427959185
192.8021751028
173.5898455236
176.8654471756
171.2774002325
192.7663672679
169.4914028191
168.7696489342
176.6274331832
183.057780196
181.7712328966
197.63854887
180.2116884195
166.5911403777
168.1203891284
165.8224179579
167.7506977279
181.8488953671
172.3952393821
169.6669893638
166.5423435727
181.8148264203
184.204275442
193.5729080634
195.9800999506
197.9522282102
183.4478288866
171.4085747921
187.4314907582
167.0573052737
197.1166588353
185.8334831896
181.8890437354
186.2638662641
180.9851378952
183.6606915194
183.4384805884
182.9605262109
168.0212905039
178.8920420329
195.2674780436
166.1281755697
180.2149208726
195.3802160415
181.9543562419
193.6250645346
171.3948524238
170.293814231
166.4158352604
182.6993965105
164.0583591363
190.9536271396
164.5977361843
169.3666257588
189.7871178419
168.5393769901
165.7437007805
179.505045401
193.5204623602
195.921831566
166.953161576
172.823694958
185.0165984586
167.8389913546
188.0786433405
186.4277860937
168.3032713036
179.3359580675
168.3833167987
195.9098378476
179.7395361948
188.9494522361
176.1278323042
185.705869812
183.2892464964
185.0551981543
175.2484339774
184.0593886894
170.7753799679
183.0670404561
189.9326302557
192.1751035499
166.0025724153
180.2329852943
188.8185299107
187.2724757297
170.0698806562
184.0148516856
170.6885926701
167.8670179709
189.0246354522
167.8542799002
178.573456712
164.9204706913
191.6896048608
168.6307096212
178.9825703785
189.4617248483
174.8159010182
186.715527273
196.1975569778
165.0744684447
185.4718251027
193.5939867253
179.7230280927
186.1462025225
185.2420341667
175.4413362906
190.0898860616
179.7587054822
196.0653125248
194.9268734649
191.8059602051
196.1543649006
166.3666698074
164.4318625582
190.7623726135
196.7382088717
189.1417640927
188.9580190197
190.1700982479
165.1107923079
183.1137391905
189.9662563169
188.5527298327
169.4548025054
169.5856948762
165.7611241535
184.186372833
186.9892422319
195.1946616805
177.7289971015
191.9807197999
183.3535690493
177.7418202545
170.6883996785
169.2365838958
195.9243094317
196.7693145263
194.2114160787
190.0818837181
169.8628713014
190.6003672274
176.0559234627
171.7265734523
187.9225414126
188.3472843244
186.2848409676
171.561651489
178.3686231921
189.0868863797
164.2106037995
193.1922551548
187.3699379877
180.0075854751
194.3514138765
184.1705443879
179.1544191061
181.6052720241
192.6928089739
185.5948993638
183.7572745176
164.1584804458
191.4050245846
177.0083839933
167.5457067634
182.9772121438
186.2732295457
164.8175859677
178.089435158
166.211979322
185.9838617576
192.1884196089
169.8067799285
175.8553723152
190.4699119418
164.3144758118
176.6677565931
169.3433603094
188.5615910783
180.2457319697
185.6011882494
167.1565990523
186.0599099359
179.0954602608
189.9714812443
181.2315162147
167.7448097786
169.9667707068
189.0879765407
191.8017714597
193.7731736634
174.9931759934
165.0292747512
177.1193170224
178.6890405805
182.1905298824
176.4065752516
176.4147520028
187.6363219569
189.059867883
195.1764142262
190.0770909376
188.0743288852
173.9654801168
165.566806508
184.1645180049
179.7325188966
179.8112914402
173.588469327
189.8764287348
191.718937806
179.1714585818
176.9230475422
183.9548941568
166.9555927133
170.5866895075
170.4342568255
190.401485821
185.3802848374
174.4468587069
169.7281045231
182.3318468654
183.4168265489
197.3213980027
172.948515315
166.6989557447
172.6531139356
192.7515642168
184.0780679004
197.7345759886
180.5544014591
166.2795620812
171.311729377
181.7130425303
188.8997335795
186.1563593052
187.846028086
179.8817266792
175.6308566405
191.2314768159
178.0564036356
174.6376334071
192.2586771981
165.392460059
167.4180075673
167.0926133783
178.3057027941
197.1944490338
185.9216720271
189.2682247281
196.0311506335
197.5157720133
168.4766068701
170.4237479964
194.2439013469
195.8178456939
191.1341882253
191.5984039205
175.8439309051
196.968919802
173.1059531814
193.3145645391
174.6393168388
195.7884228259
165.0626041896
183.550589858
180.6236538983
196.5426737513
184.827486357
172.4070392833
186.9846908584
176.8922403841
177.5998674539
169.6526891037
165.2376123223
167.6312087508
175.3957658453
185.879995654
183.6008030763
187.2711140695
190.9294462459
176.9861499926
186.2716584656
188.7539587831
197.017346053
193.3408730052
182.4070466545
193.0813780853
173.6806014339
172.5837270827
179.9541860084
186.6399610831
175.9607526709
166.0045315514
183.3216637974
179.322390967
191.3472739819
172.5946793387
168.1713909626
196.5393837083
170.390986764
176.0064815202
190.863754713
196.3081193
180.7770181957
195.7607514022
171.0588368203
191.7787267551
178.0395254939
184.3964655289
174.7796785952
167.3574014897
181.5900915655
167.9197585823
196.3637040772
186.6431023203
178.3129788542
164.7170291061
185.2761214859
191.6538800959
194.1711734734
197.0367622461
189.3801395036
178.8894444718
164.9087653953
187.1484170631
174.7000413465
167.6988474504
173.3845400679
165.9014299938
181.8283814894
193.2391709648
186.7928336296
187.9531724312
195.5693920858
191.9524191564
168.5332016778
181.7461711708
193.2014678327
171.4991828498
181.7624120614
190.8038009571
180.6198756006
180.4147030004
173.4115176262
164.6882417792
183.1603263488
172.4804868964
174.893521279
177.3261247919
168.752677174
194.0960179768
196.8244008753
169.4189157463
192.2068599108
194.5686012521
189.3593414227
192.6592004787
195.3941574188
176.2707343193
186.6561480728
188.7424369511
172.7985340759
182.6537052339
184.4455795991
175.883931577
174.5730521365
165.0245689229
169.4029697774
176.9139540438
184.1015819713
170.0688065189
192.1042339169
195.7817068746
178.6444999877
176.8852227506
191.3505358711
185.7638793133
186.9754469602
169.7424242304
166.7137171439
173.9081233659
197.5377730623
165.6692921842
196.5080500973
168.6133855192
187.2409505697
194.7582941094
196.6598658875
173.4427171618
187.5458820137
196.4758296159
173.6660877298
185.543034713
170.5645348972
195.4329037703
193.8092094536
186.7988922501
175.1593489413
179.16786797
187.0475040662
171.6746400318
179.441904821
193.2948648416
178.3964177879
181.9068492527
183.2865186209
180.1225614889
184.5885633834
194.1508336453
187.4193288257
195.9386263705
168.452247663
183.4244446526
181.2245517732
190.9439991017
189.079554991
191.6237313362
169.4648308716
164.8982033974
192.8482245839
175.1461049802
191.8827349021
179.1300680203
176.7464558749
194.9166502627
195.8604754909
176.8153544919
176.5984496078

