    1.25626e+06    1.64828e+06     2.0403e+06
        -128409         273521         675451
    2.42422e+06    2.77992e+06    3.13563e+06
         987032    1.39668e+06    1.80632e+06
    2.14807e+06     2.5596e+06    2.97112e+06
    1.82899e+06    2.18173e+06    2.53447e+06
    2.37918e+06    2.75245e+06    3.12572e+06
     1.5971e+06    1.99785e+06    2.39861e+06
    1.50601e+06    1.88338e+06    2.26076e+06
    2.42916e+06    2.83856e+06    3.24797e+06
    1.49298e+06    1.89931e+06    2.30564e+06
         277590         634631         991673
     1.2412e+06    1.60989e+06    1.97858e+06
         662921    1.02893e+06    1.39494e+06
    2.70909e+06     3.0952e+06     3.4813e+06
    1.67491e+06    2.06867e+06    2.46244e+06
    1.03164e+06    1.38017e+06    1.72871e+06
       -43710.2         324524         692759
        -183172         213662         610496
    1.10992e+06    1.48578e+06    1.86164e+06
         724212    1.08171e+06     1.4392e+06
         451028         816440    1.18185e+06
     1.6972e+06    2.04336e+06    2.38951e+06
    2.01319e+06    2.40177e+06    2.79034e+06
         957964    1.33474e+06    1.71152e+06
    2.30183e+06    2.65499e+06    3.00815e+06
        54348.3         459294         864240
         110023         516960         923897
    2.48075e+06    2.84574e+06    3.21073e+06
    1.29627e+06     1.6763e+06    2.05634e+06
    2.14779e+06    2.51542e+06    2.88304e+06
         299610         683438    1.06727e+06
         965071    1.33818e+06    1.71129e+06
    2.15213e+06     2.5304e+06    2.90866e+06
    2.04832e+06    2.43477e+06    2.82121e+06
    1.63485e+06    2.02612e+06     2.4174e+06
    1.07121e+06    1.47836e+06     1.8855e+06
         819462    1.17467e+06    1.52987e+06
         577001         940581    1.30416e+06
         505712         876468    1.24722e+06
         575171         920117    1.26506e+06
    1.43955e+06    1.84405e+06    2.24855e+06
         548071         939687     1.3313e+06
    1.73587e+06    2.12455e+06    2.51322e+06
        -5543.7         393322         792187
         138350         518570         898790
    2.47723e+06    2.82525e+06    3.17328e+06
         722855    1.10127e+06    1.47968e+06
    1.23318e+06    1.63478e+06    2.03638e+06
         802419    1.19444e+06    1.58645e+06
         455068         809565    1.16406e+06
    2.12527e+06    2.52314e+06    2.92101e+06
    1.55633e+06    1.92132e+06    2.28631e+06
    1.97493e+06    2.34601e+06    2.71709e+06
    1.39763e+06    1.75951e+06     2.1214e+06
         766545    1.13076e+06    1.49498e+06
    2.62614e+06    2.97705e+06    3.32797e+06
     1.3502e+06    1.72052e+06    2.09085e+06
         579858         924472    1.26909e+06
    2.42296e+06    2.76479e+06    3.10663e+06
    2.72033e+06    3.12209e+06    3.52385e+06
    2.31757e+06    2.72812e+06    3.13867e+06
    1.46962e+06    1.85511e+06     2.2406e+06
     1.5367e+06    1.90131e+06    2.26591e+06
     2.0862e+06    2.45246e+06    2.81873e+06
       -12210.2         387031         786272
    2.79363e+06    3.17249e+06    3.55135e+06
    3.06415e+06    3.44279e+06    3.82144e+06
          47260         428887         810514
         121011         488689         856366
         974117    1.36798e+06    1.76185e+06
    1.90051e+06    2.26557e+06    2.63063e+06
    1.83075e+06    2.21822e+06    2.60569e+06
     1.3677e+06     1.7318e+06     2.0959e+06
     1.3067e+06    1.67311e+06    2.03951e+06
         140778         546748         952718
         591231         950992    1.31075e+06
       -88835.9         308183         705202
    2.37669e+06    2.76887e+06    3.16104e+06
         893781    1.25734e+06     1.6209e+06
         174894         558076         941259
    1.89251e+06    2.25371e+06    2.61492e+06
    2.51056e+06    2.86169e+06    3.21282e+06
         444767         824170    1.20357e+06
    1.91728e+06    2.27262e+06    2.62797e+06
         695628    1.06726e+06    1.43889e+06
    2.39977e+06     2.7424e+06    3.08503e+06
         975295     1.3162e+06    1.65711e+06
    2.63168e+06    3.04065e+06    3.44962e+06
         225875         616350    1.00683e+06
         720365    1.10163e+06     1.4829e+06
        -260925         138568         538060
         474847         879385    1.28392e+06
         357905         715152     1.0724e+06
    2.00787e+06     2.3995e+06    2.79114e+06
    1.82273e+06    2.20292e+06     2.5831e+06
    1.90597e+06    2.27974e+06    2.65351e+06
    2.49385e+06    2.89524e+06    3.29662e+06
         882057    1.28782e+06    1.69357e+06
    1.89388e+06     2.2925e+06    2.69113e+06
    2.88278e+06    3.29273e+06    3.70268e+06
    2.05984e+06    2.42295e+06    2.78606e+06
    1.02745e+06    1.39826e+06    1.76907e+06
         704245    1.06436e+06    1.42448e+06
        22778.7         387412         752046
        -176673         210367         597408
        -147752         243749         635250
    1.43655e+06    1.78424e+06    2.13192e+06
         839051    1.21003e+06    1.58101e+06
        21249.2         428336         835423
     2.7516e+06    3.11977e+06    3.48793e+06
         864721     1.2494e+06    1.63407e+06
    2.62699e+06    3.03121e+06    3.43542e+06
    2.38702e+06    2.73665e+06    3.08629e+06
    2.31425e+06    2.69557e+06    3.07688e+06
        -231719         120220         472159
         315173         717884    1.12059e+06
    1.63409e+06    2.03082e+06    2.42756e+06
    2.83327e+06     3.2152e+06    3.59713e+06
    2.36775e+06    2.75269e+06    3.13762e+06
        55770.5         400067         744364
         312675         654134         995592
    2.73635e+06    3.08143e+06    3.42651e+06
         851121    1.21006e+06      1.569e+06
         151693         558704         965715
    2.69425e+06    3.05347e+06     3.4127e+06
    1.75263e+06    2.14081e+06    2.52899e+06
       -58332.6         312604         683541
    2.28396e+06    2.67185e+06    3.05974e+06
         734176    1.10281e+06    1.47144e+06
    1.95168e+06    2.36215e+06    2.77261e+06
    1.58856e+06    1.97278e+06    2.35701e+06
         693825    1.07167e+06    1.44951e+06
    1.80725e+06    2.14925e+06    2.49124e+06
        9.09281         378183         756357
    1.05885e+06    1.44601e+06    1.83317e+06
    1.31941e+06    1.70921e+06    2.09902e+06
         489170         839720    1.19027e+06
    1.44905e+06    1.80904e+06    2.16903e+06
    2.18871e+06    2.55535e+06      2.922e+06
        18625.8         412027         805429
        -273354        74596.3         422547
    2.50965e+06    2.87037e+06    3.23109e+06
    2.10275e+06    2.50764e+06    2.91253e+06
    1.99271e+06    2.38781e+06     2.7829e+06
        80859.5         476892         872925
    2.36967e+06    2.71418e+06    3.05868e+06
    2.15629e+06    2.55968e+06    2.96306e+06
    1.83738e+06    2.17659e+06     2.5158e+06
        -117037         289319         695676
       -79003.1         324924         728850
       -51776.1         344351         740479
    1.98963e+06    2.36581e+06    2.74199e+06
    2.50349e+06    2.91373e+06    3.32396e+06
    1.07353e+06    1.43512e+06    1.79671e+06
    2.68262e+06    3.05941e+06     3.4362e+06
         155216         555215         955214
         592234         986129    1.38002e+06
    1.03457e+06    1.39684e+06    1.75912e+06
         993956    1.35438e+06    1.71481e+06
         390700         801675    1.21265e+06
       -32146.2         337902         707950
     2.7252e+06    3.09225e+06     3.4593e+06
        -940.08         350593         702125
    1.38917e+06    1.73234e+06    2.07552e+06
         246412         621690         996968
    2.42162e+06    2.80335e+06    3.18509e+06
     1.5434e+06    1.94255e+06    2.34171e+06
    2.25565e+06    2.66631e+06    3.07696e+06
    1.76414e+06    2.12632e+06    2.48851e+06
    2.50733e+06    2.85464e+06    3.20195e+06
         615851         992008    1.36816e+06
         210190         602568         994946
         472451         832797    1.19314e+06
         971930    1.37859e+06    1.78525e+06
         990996    1.33247e+06    1.67394e+06
    2.56809e+06    2.91518e+06    3.26227e+06
    2.29892e+06    2.68571e+06    3.07249e+06
    2.00113e+06    2.34442e+06    2.68772e+06
        -261330        99766.9         460863
    1.25294e+06    1.65176e+06    2.05058e+06
         390100         776174    1.16225e+06
        -294117        76888.9         447895
        -212532         151665         515862
    2.25568e+06    2.61502e+06    2.97436e+06
         843866    1.24165e+06    1.63943e+06
        -142413         237101         616614
    1.74106e+06    2.12535e+06    2.50965e+06
    2.78166e+06     3.1697e+06    3.55775e+06
        -164477         211714         587904
     2.4978e+06    2.87993e+06    3.26205e+06
    1.06253e+06    1.45996e+06     1.8574e+06
     1.0783e+06    1.44404e+06    1.80979e+06
    2.60158e+06    2.95251e+06    3.30344e+06
    1.66162e+06    2.06009e+06    2.45855e+06
       -94790.9         264312         623416
         454482         828615    1.20275e+06
        -179023         221830         622683
    2.02563e+06    2.39131e+06    2.75698e+06
        91246.8         470528         849809
         992300    1.35472e+06    1.71713e+06
         301348         699537    1.09773e+06
        -240714         125313         491339
     2.7514e+06    3.12723e+06    3.50306e+06
    2.11391e+06    2.52014e+06    2.92637e+06
    1.00799e+06    1.40038e+06    1.79277e+06
    1.48858e+06    1.89014e+06    2.29171e+06
       -91418.1         299776         690971
    1.97317e+06    2.32368e+06    2.67419e+06
    2.23662e+06    2.61335e+06    2.99009e+06
    2.30469e+06    2.64821e+06    2.99173e+06
    1.73155e+06    2.08731e+06    2.44306e+06
         209061         553462         897864
    1.48172e+06    1.86751e+06     2.2533e+06
        -250264         137314         524893
        80676.9         449821         818965
    2.69363e+06    3.04836e+06    3.40309e+06
    1.56867e+06    1.95544e+06     2.3422e+06
    1.50689e+06     1.8924e+06    2.27791e+06
    1.99467e+06    2.37456e+06    2.75446e+06
    1.36006e+06    1.76991e+06    2.17976e+06
         712327    1.09729e+06    1.48225e+06
    1.09085e+06     1.4998e+06    1.90876e+06
    1.62882e+06    2.00903e+06    2.38924e+06
    1.91325e+06    2.31231e+06    2.71137e+06
     2.2262e+06    2.59051e+06    2.95482e+06
        -232674         119592         471858
    2.48307e+06    2.88124e+06     3.2794e+06
         804296    1.16679e+06    1.52928e+06
    1.62415e+06    2.01728e+06    2.41041e+06
        -210431         161093         532617
    2.51301e+06    2.91227e+06    3.31154e+06
    2.39775e+06    2.75921e+06    3.12067e+06
     2.7528e+06    3.14744e+06    3.54209e+06
     1.6825e+06    2.02287e+06    2.36324e+06
         216786         560018         903250
    1.93683e+06    2.27788e+06    2.61894e+06
        -250321         144145         538612
    2.13047e+06    2.48926e+06    2.84804e+06
    2.12688e+06    2.51525e+06    2.90362e+06
    1.68945e+06     2.0511e+06    2.41275e+06
         369624         739362     1.1091e+06
    1.21935e+06     1.5961e+06    1.97285e+06
    2.59991e+06    2.97863e+06    3.35734e+06
       -54738.7         303878         662494
         742206    1.13283e+06    1.52345e+06
    1.13912e+06    1.49037e+06    1.84163e+06
    1.73687e+06    2.09566e+06    2.45445e+06
       -62.2373         409029         818120
         764814    1.11312e+06    1.46143e+06
    2.18856e+06    2.53098e+06     2.8734e+06
    1.36685e+06    1.77448e+06    2.18212e+06
    1.01149e+06    1.39101e+06    1.77054e+06
        -156580         211999         580578
    2.20526e+06    2.56236e+06    2.91946e+06
    1.36265e+06    1.76376e+06    2.16487e+06
         477778         834068    1.19036e+06
         998559    1.36474e+06    1.73092e+06
    1.92575e+06    2.32673e+06    2.72771e+06
    2.09662e+06    2.46644e+06    2.83626e+06
        -106492         258525         623542
    2.89301e+06    3.27991e+06     3.6668e+06
    1.80004e+06    2.15929e+06    2.51855e+06
    1.07627e+06     1.4592e+06    1.84212e+06
    1.14495e+06    1.49671e+06    1.84847e+06
        -196136         177847         551830
         657450    1.04596e+06    1.43446e+06
         657560         998427     1.3393e+06
    1.20957e+06    1.56283e+06    1.91609e+06
    1.59614e+06    1.93927e+06     2.2824e+06
    2.00091e+06    2.35109e+06    2.70127e+06
    2.78689e+06    3.18079e+06    3.57468e+06
    2.01187e+06    2.38668e+06    2.76149e+06
    2.04295e+06    2.44468e+06    2.84641e+06
        -116536         271616         659767
         502183         850524    1.19886e+06
    1.17075e+06    1.58264e+06    1.99454e+06
    2.32453e+06    2.69951e+06    3.07449e+06
         467986         857902    1.24782e+06
     1.3968e+06    1.78496e+06    2.17311e+06
         299558         693645    1.08773e+06
         415870         781755    1.14764e+06
    2.56342e+06    2.91538e+06    3.26734e+06
    1.24565e+06    1.65624e+06    2.06682e+06
    2.40602e+06    2.77378e+06    3.14155e+06
         388246         783572     1.1789e+06
         625085         969766    1.31445e+06
    1.27953e+06    1.62065e+06    1.96177e+06
         730123    1.13672e+06    1.54332e+06
    1.07772e+06    1.43647e+06    1.79522e+06
    1.26256e+06    1.65286e+06    2.04317e+06
    1.71708e+06    2.09133e+06    2.46557e+06
         340014         703205     1.0664e+06
    1.13006e+06    1.50887e+06    1.88767e+06
    2.23809e+06    2.58213e+06    2.92617e+06
    2.38414e+06    2.76466e+06    3.14518e+06
    1.35378e+06    1.70966e+06    2.06553e+06
    2.38346e+06    2.75853e+06     3.1336e+06
         827651    1.21993e+06    1.61222e+06
         899697    1.24356e+06    1.58742e+06
    1.23364e+06    1.58438e+06    1.93512e+06
    2.80491e+06    3.19235e+06    3.57978e+06
    1.44969e+06      1.822e+06     2.1943e+06
       -50139.1         359966         770072
         768546    1.17793e+06    1.58732e+06
    2.23914e+06    2.65072e+06     3.0623e+06
    1.72399e+06    2.10869e+06     2.4934e+06
        -249755         149035         547826
     2.6561e+06    3.04117e+06    3.42625e+06
    1.58913e+06    1.93576e+06     2.2824e+06
    1.51544e+06    1.89651e+06    2.27757e+06
    2.21996e+06    2.57192e+06    2.92389e+06
       -64823.2         287133         639089
         366871         771072    1.17527e+06
    1.92029e+06    2.27168e+06    2.62307e+06
    1.89116e+06    2.28852e+06    2.68588e+06
         274387         619189         963991
    1.44617e+06    1.85485e+06    2.26353e+06
    2.24629e+06    2.59019e+06    2.93408e+06
        97284.8         437261         777238
    2.25472e+06    2.60817e+06    2.96161e+06
    2.39952e+06    2.77646e+06    3.15341e+06
         343325         734121    1.12492e+06
    2.21053e+06    2.58133e+06    2.95214e+06
         607785         988596    1.36941e+06
    1.28034e+06    1.64681e+06    2.01328e+06
     1.2583e+06    1.64757e+06    2.03684e+06
     1.8477e+06    2.19147e+06    2.53524e+06
         944909    1.28734e+06    1.62978e+06
        -189752         170091         529933
    2.46567e+06    2.86272e+06    3.25976e+06
         156031         528581         901130
      1.564e+06    1.94878e+06    2.33356e+06
     1.5984e+06    1.96576e+06    2.33311e+06
    1.97366e+06    2.34938e+06    2.72511e+06
         418590         758952    1.09931e+06
    2.59224e+06    2.97918e+06    3.36612e+06
         511914         857651    1.20339e+06
    1.52037e+06    1.86876e+06    2.21715e+06
         662834    1.06844e+06    1.47404e+06
    1.15657e+06    1.52995e+06    1.90333e+06
        67239.7         409038         750837
     1.5226e+06    1.91654e+06    2.31049e+06
    1.13028e+06     1.5265e+06    1.92272e+06
        -280500          66465         413430
        -228072         160645         549362
    1.44609e+06     1.8303e+06     2.2145e+06
    2.28572e+06     2.6607e+06    3.03568e+06
    2.82212e+06    3.18605e+06    3.54997e+06
    1.68703e+06    2.02957e+06     2.3721e+06
       -76866.8         318711         714289
        -206171         188277         582725
      1.999e+06     2.3991e+06    2.79919e+06
         487567         834394    1.18122e+06
    2.51484e+06    2.92223e+06    3.32962e+06
    1.05221e+06    1.43054e+06    1.80887e+06
    1.95332e+06    2.34096e+06     2.7286e+06
    1.86088e+06    2.23472e+06    2.60857e+06
    1.27035e+06    1.67288e+06    2.07542e+06
    2.80496e+06    3.16991e+06    3.53485e+06
    2.89415e+06    3.27635e+06    3.65855e+06
    1.51765e+06     1.8799e+06    2.24215e+06
    2.50238e+06     2.8645e+06    3.22662e+06
    1.24629e+06    1.63583e+06    2.02536e+06
    1.45272e+06    1.85438e+06    2.25605e+06
    2.64236e+06    3.05038e+06    3.45841e+06
    2.53488e+06    2.89654e+06    3.25821e+06
        -158225         218518         595261
    1.81015e+06    2.15185e+06    2.49356e+06
         187799         557813         927827
         824755    1.22764e+06    1.63053e+06
    1.73134e+06    2.12727e+06    2.52321e+06
        -184927         176876         538678
         329109         709117    1.08912e+06
    1.30248e+06    1.66091e+06    2.01935e+06
    2.63017e+06    2.99636e+06    3.36255e+06
    2.51447e+06    2.91151e+06    3.30856e+06
    1.53585e+06    1.92692e+06    2.31799e+06
         139964         548065         956166
        -242913         140327         523568
    2.81382e+06    3.18793e+06    3.56205e+06
    1.71689e+06    2.09058e+06    2.46427e+06
    2.86489e+06    3.24653e+06    3.62817e+06
        -171461         187978         547417
     2.1681e+06    2.52325e+06     2.8784e+06
    2.20616e+06    2.60066e+06    2.99516e+06
         761512    1.10206e+06    1.44261e+06
         784371    1.18126e+06    1.57814e+06
    1.28818e+06    1.63227e+06    1.97636e+06
    1.17422e+06    1.56578e+06    1.95733e+06
     2.6785e+06    3.07065e+06     3.4628e+06
    1.59206e+06    1.94524e+06    2.29843e+06
         792599    1.19832e+06    1.60404e+06
       -43542.5         313005         669553
        70843.7         441496         812149
         670867    1.07526e+06    1.47965e+06
    1.89507e+06    2.28355e+06    2.67203e+06
    1.53711e+06    1.91248e+06    2.28785e+06
    1.94468e+06    2.28469e+06     2.6247e+06
         327605         670896    1.01419e+06
    2.12402e+06    2.47185e+06    2.81968e+06
    1.11259e+06    1.50122e+06    1.88985e+06
    1.65675e+06    2.00344e+06    2.35013e+06
         926721    1.28537e+06    1.64402e+06
        -100161         289211         678584
    1.15516e+06    1.54324e+06    1.93132e+06
        -224992         158412         541817
    1.69537e+06    2.07801e+06    2.46065e+06
         227012         615578    1.00415e+06
    2.23806e+06    2.63717e+06    3.03628e+06
        -107699         268250         644199
         420795         767613    1.11443e+06
    1.41197e+06    1.77308e+06    2.13419e+06
    1.20914e+06    1.61559e+06    2.02204e+06
        -315125        36117.9         387361
    1.15328e+06     1.5159e+06    1.87852e+06
        -295717        83623.4         462964
    1.67158e+06    2.07666e+06    2.48174e+06
        -222521         172104         566730
         654641    1.05779e+06    1.46094e+06
         543841         944783    1.34572e+06
         305833         685094    1.06435e+06
    2.41069e+06    2.79096e+06    3.17123e+06
    1.13704e+06    1.49136e+06    1.84568e+06
         212919         563953         914986
         478671         851594    1.22452e+06
    1.18344e+06    1.55439e+06    1.92535e+06
    2.18242e+06    2.59288e+06    3.00334e+06
     1.2855e+06    1.63575e+06    1.98599e+06
         139290         483075         826859
    1.30938e+06    1.65871e+06    2.00804e+06
         830095    1.19949e+06    1.56888e+06
         143071         534227         925382
    1.46659e+06    1.82297e+06    2.17936e+06
         214274         569787         925301
    1.14122e+06    1.49592e+06    1.85061e+06
    1.40475e+06    1.74977e+06    2.09479e+06
    2.04892e+06    2.42567e+06    2.80242e+06
    2.92357e+06    3.29783e+06    3.67208e+06
         393280         734672    1.07606e+06
         763189    1.12255e+06    1.48191e+06
         802702    1.17499e+06    1.54728e+06
    1.73776e+06    2.11273e+06    2.48769e+06
    1.95284e+06     2.3127e+06    2.67257e+06
        26959.6         368248         709536
         841937    1.21621e+06    1.59048e+06
    2.08778e+06     2.4547e+06    2.82162e+06
         530221         911191    1.29216e+06
    2.74519e+06    3.15761e+06    3.57004e+06
         188567         553246         917924
    2.89229e+06    3.27303e+06    3.65376e+06
         403989         774973    1.14596e+06
         110809         517068         923327
        -146074         260894         667863
         173719         528274         882829
    1.91668e+06    2.28828e+06    2.65989e+06
        -273547        93862.3         461271
    2.67549e+06    3.04994e+06    3.42439e+06
    1.18496e+06    1.57997e+06    1.97499e+06
    1.88505e+06    2.25509e+06    2.62512e+06
    1.82248e+06     2.1891e+06    2.55571e+06
    2.01779e+06    2.38284e+06    2.74788e+06
         195869         577382         958894
    1.53343e+06    1.91337e+06    2.29331e+06
    2.51157e+06     2.8884e+06    3.26522e+06
         986490    1.39586e+06    1.80523e+06
        -197039         160339         517716
         521678         864816    1.20795e+06
         222611         600480         978349
     1.2168e+06    1.62452e+06    2.03224e+06
    1.71922e+06    2.07302e+06    2.42681e+06
         816144    1.16495e+06    1.51376e+06
    1.48989e+06    1.86836e+06    2.24683e+06
    1.25711e+06    1.62245e+06    1.98779e+06
    2.47357e+06     2.8712e+06    3.26883e+06
        -237194         135323         507841
    1.13447e+06    1.50245e+06    1.87044e+06
        -162101         187835         537771
         763099    1.16706e+06    1.57102e+06
    1.84589e+06    2.24912e+06    2.65236e+06
         271640         661917    1.05219e+06
    2.12231e+06    2.49821e+06    2.87412e+06
    2.58824e+06    2.94439e+06    3.30055e+06
    2.46222e+06    2.84163e+06    3.22103e+06
    1.16984e+06    1.56147e+06     1.9531e+06
    2.47168e+06     2.8315e+06    3.19132e+06
       -86527.2         270119         626764
        -245968         158777         563521
    1.05527e+06    1.39936e+06    1.74345e+06
    2.27308e+06    2.62364e+06     2.9742e+06
     1.7605e+06    2.14465e+06     2.5288e+06
        37623.1         432484         827346
         243406         609069         974731
    1.72219e+06     2.0805e+06    2.43881e+06
         699168    1.05241e+06    1.40565e+06
       -90006.4         270878         631762
         923121    1.32907e+06    1.73501e+06
    1.46436e+06    1.83759e+06    2.21082e+06
    2.52779e+06    2.92232e+06    3.31684e+06
     1.3754e+06    1.76974e+06    2.16409e+06
    1.32472e+06    1.73047e+06    2.13623e+06
    1.50237e+06    1.87732e+06    2.25228e+06
    2.76818e+06    3.10951e+06    3.45084e+06
    2.04427e+06    2.39991e+06    2.75555e+06
     1.0072e+06    1.41333e+06    1.81946e+06
    2.84324e+06    3.18958e+06    3.53591e+06
    2.25945e+06    2.63438e+06    3.00931e+06
    2.30017e+06    2.68624e+06     3.0723e+06
        82436.4         440325         798213
    1.35194e+06    1.69324e+06    2.03454e+06
    1.88169e+06    2.27382e+06    2.66595e+06
         948002     1.3205e+06    1.69299e+06
         606257         969756    1.33326e+06
    1.22811e+06    1.59033e+06    1.95254e+06
    1.72765e+06    2.11862e+06    2.50959e+06
     1.6642e+06    2.06071e+06    2.45722e+06
    1.10765e+06    1.50092e+06    1.89419e+06
        -110656         242517         595690
    1.10176e+06    1.48227e+06    1.86278e+06
    1.31889e+06    1.70917e+06    2.09945e+06
        -190836         187502         565840
    2.55491e+06    2.90253e+06    3.25015e+06
        50507.4         436317         822126
         568640         908910    1.24918e+06
         892349    1.24677e+06     1.6012e+06
    2.34982e+06    2.70007e+06    3.05032e+06
    2.21807e+06     2.5801e+06    2.94213e+06
        -169414         179283         527979
         576823         925581    1.27434e+06
         610398    1.00948e+06    1.40856e+06
    1.50889e+06    1.85532e+06    2.20175e+06
    1.69993e+06    2.07952e+06     2.4591e+06
    2.23248e+06    2.59186e+06    2.95124e+06
    2.18443e+06    2.52316e+06     2.8619e+06
    2.13345e+06    2.52324e+06    2.91303e+06
    1.44305e+06    1.82589e+06    2.20873e+06
    1.42759e+06    1.82541e+06    2.22324e+06
    1.07779e+06    1.44422e+06    1.81064e+06
     2.0567e+06    2.43478e+06    2.81286e+06
    1.39749e+06    1.78281e+06    2.16814e+06
    2.20811e+06    2.60253e+06    2.99696e+06
     1.8448e+06    2.25513e+06    2.66547e+06
    1.26423e+06    1.61473e+06    1.96524e+06
         375877         759979    1.14408e+06
    2.78869e+06    3.14516e+06    3.50163e+06
    2.79087e+06    3.19427e+06    3.59768e+06
        -175657         225491         626638
         663533    1.05025e+06    1.43697e+06
         253033         637713    1.02239e+06
    2.16213e+06    2.53054e+06    2.89895e+06
        -131445         242658         616761
    1.36336e+06    1.76803e+06    2.17269e+06
         808344     1.2149e+06    1.62147e+06
        3631.37         369604         735577
         311290         694953    1.07862e+06
    1.15323e+06    1.54024e+06    1.92725e+06
    2.39745e+06    2.79581e+06    3.19416e+06
        -105200         282498         670195
     2.5905e+06    2.92964e+06    3.26878e+06
    1.82726e+06    2.21229e+06    2.59733e+06
         312164         689319    1.06647e+06
         949380     1.3535e+06    1.75761e+06
    2.72354e+06    3.10885e+06    3.49416e+06
         486430         893717      1.301e+06
         362149         736295    1.11044e+06
    2.38625e+06    2.79645e+06    3.20665e+06
    2.38986e+06     2.7655e+06    3.14114e+06
         249946         644019    1.03809e+06
         697395    1.03854e+06    1.37968e+06
    1.97431e+06    2.36137e+06    2.74844e+06
         521660         910819    1.29998e+06
         287672         664673    1.04167e+06
       -77232.5         284097         645426
        -276278          93728         463734
    2.61814e+06    3.00904e+06    3.39993e+06
         187396         538857         890318
    1.00944e+06    1.35446e+06    1.69948e+06
         614399         971648     1.3289e+06
    2.14473e+06    2.54431e+06     2.9439e+06
    1.69747e+06    2.10859e+06    2.51971e+06
         986859    1.35827e+06    1.72967e+06
    2.20573e+06    2.59582e+06     2.9859e+06
    1.64815e+06    2.00934e+06    2.37053e+06
    2.40791e+06    2.76551e+06    3.12311e+06
    1.30462e+06    1.67445e+06    2.04428e+06
        -107378         237292         581963
         449950         840567    1.23118e+06
    2.33105e+06    2.70299e+06    3.07493e+06
        6975.43         395866         784756
     1.9159e+06    2.30388e+06    2.69186e+06
    2.66152e+06    3.06893e+06    3.47635e+06
        -235664         113255         462173
         279804         687257    1.09471e+06
    2.31936e+06     2.6649e+06    3.01043e+06
    2.80804e+06    3.20629e+06    3.60454e+06
        68744.1         423008         777271
    1.44288e+06    1.79398e+06    2.14508e+06
         419037         818951    1.21887e+06
         397691         793710    1.18973e+06
         493651         855025     1.2164e+06
        -265129         124630         514390
      2.822e+06     3.2132e+06    3.60439e+06
    1.46721e+06    1.86999e+06    2.27277e+06
    2.31694e+06    2.67556e+06    3.03418e+06
    2.17535e+06    2.53208e+06    2.88882e+06
    2.89022e+06    3.22939e+06    3.56856e+06
     1.9241e+06     2.2851e+06     2.6461e+06
    1.85916e+06    2.22659e+06    2.59402e+06
         897147    1.26408e+06    1.63102e+06
    2.36333e+06    2.75653e+06    3.14972e+06
    2.33951e+06     2.7223e+06    3.10509e+06
         290851         687163    1.08348e+06
    1.01397e+06    1.40658e+06     1.7992e+06
    2.15647e+06    2.55376e+06    2.95105e+06
    2.79757e+06    3.16028e+06    3.52298e+06
         276472         680166    1.08386e+06
        45344.7         430625         815905
    1.24033e+06     1.5934e+06    1.94648e+06
    2.36759e+06    2.76619e+06    3.16478e+06
         486834         855062    1.22329e+06
        -141483         266291         674064
         732687    1.12014e+06    1.50759e+06
    1.38053e+06    1.78444e+06    2.18835e+06
    2.65208e+06    3.02022e+06    3.38836e+06
    1.37901e+06    1.78156e+06    2.18411e+06
    2.43009e+06    2.77239e+06     3.1147e+06
    1.98205e+06    2.35484e+06    2.72763e+06
        81054.8         427180         773306
    2.71289e+06    3.06189e+06    3.41088e+06
         874159    1.26893e+06    1.66371e+06
    2.06172e+06    2.41361e+06    2.76549e+06
    1.99973e+06    2.35329e+06    2.70684e+06
    1.03918e+06    1.39821e+06    1.75723e+06
         536720         900110     1.2635e+06
    1.60313e+06    1.98413e+06    2.36513e+06
         558347         957491    1.35664e+06
    2.09902e+06    2.48608e+06    2.87315e+06
    2.51445e+06    2.91276e+06    3.31106e+06
    2.39526e+06    2.78204e+06    3.16883e+06
     2.6829e+06    3.08914e+06    3.49538e+06
    1.42883e+06    1.79216e+06     2.1555e+06
    2.37577e+06     2.7387e+06    3.10163e+06
    2.51245e+06    2.89436e+06    3.27626e+06
    1.89881e+06    2.28685e+06    2.67488e+06
        95998.2         465289         834580
    2.83159e+06    3.17738e+06    3.52317e+06
    2.13174e+06     2.5096e+06    2.88745e+06
    2.38012e+06    2.77202e+06    3.16392e+06
    2.95636e+06    3.30976e+06    3.66316e+06
         485579         854441     1.2233e+06
         261113         663885    1.06666e+06
    2.89363e+06    3.29741e+06     3.7012e+06
         750588    1.10929e+06    1.46799e+06
    1.69297e+06    2.09077e+06    2.48857e+06
         845070    1.25554e+06      1.666e+06
    1.79066e+06    2.16133e+06      2.532e+06
    2.63105e+06    2.99484e+06    3.35864e+06
      1.439e+06    1.79917e+06    2.15934e+06
         755136     1.1479e+06    1.54067e+06
     1.9047e+06    2.31027e+06    2.71584e+06
    2.13998e+06    2.51519e+06    2.89041e+06
    1.85224e+06    2.19283e+06    2.53342e+06
         652713    1.06127e+06    1.46982e+06
        -300319         102005         504329
    2.25842e+06    2.62299e+06    2.98755e+06
         450415         827765    1.20511e+06
    2.84805e+06    3.23972e+06     3.6314e+06
    2.40032e+06    2.80614e+06    3.21196e+06
         999063    1.40523e+06     1.8114e+06
         802613    1.18442e+06    1.56623e+06
       -77563.5         320930         719424
    1.08541e+06    1.46079e+06    1.83617e+06
        -255099         131440         517978
    2.77946e+06    3.14141e+06    3.50337e+06
        -140489         235312         611113
    2.84295e+06    3.20619e+06    3.56942e+06
         208308         582459         956611
    2.69457e+06    3.09018e+06    3.48579e+06
         318482         679884    1.04129e+06
    2.00567e+06    2.39829e+06    2.79092e+06
    2.54319e+06    2.94175e+06    3.34032e+06
    1.84391e+06    2.23682e+06    2.62972e+06
         189178         557157         925136
    1.24878e+06    1.59737e+06    1.94596e+06
    1.85318e+06    2.20176e+06    2.55034e+06
    2.76791e+06    3.15351e+06    3.53911e+06
    2.55353e+06    2.94673e+06    3.33992e+06
         817534    1.17866e+06    1.53979e+06
    1.00456e+06    1.36294e+06    1.72131e+06
    2.10172e+06    2.46484e+06    2.82796e+06
    2.30415e+06    2.65219e+06    3.00024e+06
         490748         838423     1.1861e+06
        -135947         255572         647091
         795344    1.16509e+06    1.53484e+06
        69148.3         455238         841327
    1.87266e+06    2.22881e+06    2.58496e+06
        -194671         206973         608618
    1.21579e+06     1.5889e+06    1.96201e+06
         522831         905974    1.28912e+06
    2.69115e+06    3.08771e+06    3.48427e+06
    1.07075e+06    1.46919e+06    1.86764e+06
       -4368.92         394489         793347
         614511         985359    1.35621e+06
         909745    1.31126e+06    1.71278e+06
     2.6838e+06    3.06262e+06    3.44145e+06
    1.48044e+06    1.87245e+06    2.26446e+06
        -175644         216983         609610
    1.95155e+06    2.33042e+06    2.70929e+06
    2.39034e+06     2.7944e+06    3.19845e+06
    1.82601e+06    2.17982e+06    2.53362e+06
    2.23311e+06    2.59449e+06    2.95587e+06
    1.94576e+06    2.29794e+06    2.65012e+06
    1.54051e+06    1.89382e+06    2.24712e+06
        -218176         139133         496442
    1.80659e+06    2.19373e+06    2.58087e+06
         829245     1.2045e+06    1.57975e+06
         509092         889919    1.27075e+06
       -58799.3         286460         631720
         208818         582486         956155
         165418         542722         920026
    2.42877e+06    2.78983e+06    3.15089e+06
    2.04934e+06    2.41395e+06    2.77856e+06
    1.82238e+06    2.17051e+06    2.51865e+06
    1.58647e+06    1.96106e+06    2.33565e+06
         535024         885707    1.23639e+06
    1.22428e+06    1.61944e+06     2.0146e+06
    2.02333e+06    2.42038e+06    2.81742e+06
         267275         652784    1.03829e+06
      2.397e+06    2.75733e+06    3.11766e+06
    1.26777e+06    1.61757e+06    1.96737e+06
     1.6048e+06     1.9498e+06     2.2948e+06
    1.95724e+06    2.32919e+06    2.70113e+06
         894620     1.2777e+06    1.66078e+06
     1.5931e+06     1.9411e+06     2.2891e+06
         160409         533811         907213
    1.86227e+06    2.22952e+06    2.59677e+06
    1.98506e+06    2.35443e+06     2.7238e+06
    1.45196e+06    1.79354e+06    2.13513e+06
    1.86767e+06    2.23783e+06      2.608e+06
         719934    1.11233e+06    1.50473e+06
    1.44368e+06    1.83683e+06    2.22998e+06
    1.35416e+06     1.7384e+06    2.12263e+06
    2.43853e+06    2.81709e+06    3.19565e+06
         959586    1.32972e+06    1.69986e+06
         551010         921284    1.29156e+06
    2.08136e+06    2.43183e+06    2.78231e+06
    2.51852e+06     2.8661e+06    3.21368e+06
    1.74192e+06    2.08399e+06    2.42606e+06
         174052         575078         976104
        13623.3         362234         710844
        78199.3         423621         769042
         458515         851906     1.2453e+06
        -196746         157939         512625
    2.07865e+06    2.43984e+06    2.80102e+06
    1.75382e+06    2.10786e+06     2.4619e+06
        -202679         169993         542665
    1.07064e+06    1.43933e+06    1.80803e+06
         731944    1.08966e+06    1.44737e+06
         556563         917136    1.27771e+06
    1.19916e+06    1.58532e+06    1.97149e+06
     2.6794e+06    3.05812e+06    3.43683e+06
        -220812         171812         564435
    2.57317e+06    2.97756e+06    3.38195e+06
         776747    1.17014e+06    1.56354e+06
    2.08807e+06    2.48178e+06    2.87549e+06
    1.86458e+06    2.21984e+06     2.5751e+06
    1.04918e+06    1.40923e+06    1.76929e+06
    2.95089e+06    3.35137e+06    3.75184e+06
    2.76495e+06    3.12822e+06    3.49149e+06
        -184861         195823         576507
    1.13615e+06    1.49438e+06    1.85261e+06
         739329    1.11371e+06    1.48809e+06
        78935.6         485543         892150
         570925         941568    1.31221e+06
     2.6887e+06    3.08682e+06    3.48494e+06
    2.05742e+06    2.46079e+06    2.86417e+06
         160003         565467         970931
    2.75074e+06    3.10502e+06     3.4593e+06
    2.60278e+06    3.01181e+06    3.42084e+06
    2.47822e+06      2.844e+06    3.20978e+06
    2.61545e+06    3.00779e+06    3.40014e+06
         528669         888551    1.24843e+06
    1.36727e+06    1.76309e+06    2.15891e+06
    2.40128e+06    2.75209e+06    3.10289e+06
         999743    1.38642e+06    1.77309e+06
         684168    1.06672e+06    1.44927e+06
    1.72165e+06    2.07713e+06    2.43261e+06
         541372         924262    1.30715e+06
         580474         980338     1.3802e+06
         674086    1.04594e+06     1.4178e+06
    2.71595e+06    3.07308e+06    3.43021e+06
       -15001.9         332594         680189
    1.94868e+06    2.34754e+06    2.74639e+06
         626870    1.03532e+06    1.44377e+06
       -21627.5         343366         708360
         139398         547349         955300
         715789    1.09634e+06    1.47688e+06
         208500         562328         916157
         250550         637797    1.02505e+06
    1.18025e+06    1.57129e+06    1.96234e+06
    1.73775e+06    2.11732e+06    2.49689e+06
         955543    1.35669e+06    1.75784e+06
       -51871.3         294895         641661
     1.1307e+06    1.52698e+06    1.92326e+06
    2.95857e+06    3.31052e+06    3.66246e+06
    2.36854e+06    2.77293e+06    3.17732e+06
         152649         549595         946542
    1.53254e+06    1.91402e+06    2.29551e+06
    2.67752e+06      3.031e+06    3.38448e+06
    1.29802e+06     1.7057e+06    2.11338e+06
     1.8718e+06    2.23334e+06    2.59488e+06
    1.43297e+06    1.80378e+06    2.17459e+06
    1.92213e+06    2.28038e+06    2.63863e+06
    2.04613e+06    2.40951e+06    2.77288e+06
         900942    1.27393e+06    1.64691e+06
    1.62999e+06    2.01753e+06    2.40508e+06
     1.6796e+06     2.0349e+06     2.3902e+06
        49386.6         456581         863776
         438770         781004    1.12324e+06
    2.38181e+06    2.78211e+06    3.18242e+06
         693043    1.06519e+06    1.43734e+06
    2.38832e+06    2.78312e+06    3.17793e+06
         601388         986195      1.371e+06
         693429    1.05404e+06    1.41465e+06
         769212    1.12932e+06    1.48943e+06
         536849         877645    1.21844e+06
    2.40795e+06    2.77741e+06    3.14687e+06
    1.42158e+06    1.79148e+06    2.16138e+06
         125043         492376         859709
    2.47466e+06    2.84369e+06    3.21271e+06
    2.80526e+06    3.20775e+06    3.61024e+06
        -313981        72974.2         459929
         831684    1.24086e+06    1.65003e+06
         157279         510726         864172
    2.81043e+06    3.20634e+06    3.60225e+06
    1.01828e+06    1.41172e+06    1.80515e+06
    1.30392e+06    1.67815e+06    2.05238e+06
    1.50905e+06    1.90166e+06    2.29426e+06
        -176740         189637         556015
    2.74884e+06    3.15348e+06    3.55813e+06
         788620    1.16483e+06    1.54105e+06
    1.23858e+06     1.6055e+06    1.97241e+06
    1.62167e+06    1.98032e+06    2.33898e+06
         601700         950692    1.29968e+06
    1.16876e+06    1.52192e+06    1.87509e+06
    1.91555e+06    2.28877e+06    2.66199e+06
    2.71085e+06    3.08815e+06    3.46546e+06
         323171         666999    1.01083e+06
         431158         786245    1.14133e+06
         353949         727366    1.10078e+06
         601972         966843    1.33171e+06
    1.82668e+06    2.22766e+06    2.62865e+06
         727798    1.10373e+06    1.47966e+06
        -244215         144042         532298
    1.73038e+06    2.07388e+06    2.41739e+06
         947776     1.3117e+06    1.67563e+06
    1.03679e+06    1.39771e+06    1.75863e+06
         781833    1.19142e+06      1.601e+06
         422714         821265    1.21982e+06
    1.85599e+06    2.23083e+06    2.60567e+06
    1.88558e+06    2.27469e+06     2.6638e+06
    3.00725e+06    3.39882e+06    3.79039e+06
         400520         773755    1.14699e+06
    1.36075e+06    1.73494e+06    2.10913e+06
         466168         836514    1.20686e+06
       -94804.3         295015         684834
         404944         804637    1.20433e+06
    1.27375e+06    1.67811e+06    2.08246e+06
    1.46628e+06    1.80824e+06     2.1502e+06
    1.59359e+06    1.97896e+06    2.36434e+06
    1.55156e+06    1.91676e+06    2.28197e+06
    1.48696e+06    1.89312e+06    2.29929e+06
    1.71466e+06    2.08295e+06    2.45125e+06
         139567         519382         899198
    1.53156e+06    1.91406e+06    2.29655e+06
         429669         841819    1.25397e+06
    2.01377e+06    2.41312e+06    2.81247e+06
    2.87791e+06    3.25938e+06    3.64086e+06
    1.15144e+06    1.50182e+06    1.85221e+06
    1.42639e+06     1.7961e+06     2.1658e+06
         615472    1.02118e+06    1.42689e+06
         814728     1.1701e+06    1.52547e+06
    1.27207e+06     1.6598e+06    2.04754e+06
    2.05113e+06    2.42222e+06    2.79331e+06
         921670    1.32149e+06    1.72131e+06
    2.47465e+06    2.87196e+06    3.26928e+06
    1.80979e+06    2.17891e+06    2.54804e+06
         663867       1.07e+06    1.47614e+06
    1.35817e+06    1.70792e+06    2.05768e+06
         727258     1.1112e+06    1.49515e+06
         443266         853161    1.26306e+06
         990501     1.3353e+06    1.68011e+06
        -191235         155568         502372
          81896         479830         877763
         963137    1.34907e+06    1.73501e+06
    2.66061e+06    3.03251e+06    3.40442e+06
         562453         956132    1.34981e+06
         888918    1.28422e+06    1.67952e+06
         224400         598549         972698
    1.47603e+06    1.85602e+06    2.23601e+06
       -47773.8         342758         733290
         738351    1.11438e+06    1.49042e+06
       -98176.6         302378         702933
    1.01752e+06    1.38497e+06    1.75243e+06
    1.95007e+06    2.31638e+06    2.68269e+06
    1.50923e+06    1.87008e+06    2.23094e+06
    1.74375e+06    2.09864e+06    2.45352e+06
    2.65243e+06     3.0395e+06    3.42656e+06
        -172132         184179         540490
    2.76203e+06    3.10181e+06    3.44159e+06
    1.39669e+06    1.78015e+06    2.16362e+06
    1.12033e+06    1.48318e+06    1.84602e+06
    2.06543e+06    2.45424e+06    2.84305e+06
         673206    1.07621e+06    1.47921e+06
         488787         848702    1.20862e+06
    1.64046e+06    1.99229e+06    2.34412e+06
         729456     1.0832e+06    1.43695e+06
    1.35166e+06    1.70703e+06     2.0624e+06
        86542.9         427098         767653
         572153         926550    1.28095e+06
         554851         897575     1.2403e+06
    2.86222e+06      3.234e+06    3.60578e+06
         884607    1.29058e+06    1.69656e+06
    1.66958e+06     2.0722e+06    2.47483e+06
       -89158.8         259069         607298
    1.92673e+06    2.30946e+06    2.69219e+06
    2.79394e+06    3.15376e+06    3.51359e+06
    1.25078e+06    1.61184e+06    1.97291e+06
         107701         447727         787753
    1.73202e+06    2.07531e+06    2.41859e+06
    1.84951e+06    2.20711e+06     2.5647e+06
    1.62216e+06    1.97166e+06    2.32115e+06
    2.41216e+06    2.77281e+06    3.13346e+06
         162619         527425         892231
         157078         525733         894388
      1.653e+06     2.0026e+06    2.35219e+06
        43210.1         393082         742954
    1.97667e+06    2.33492e+06    2.69318e+06
    1.80664e+06    2.18049e+06    2.55433e+06
    2.27747e+06    2.62701e+06    2.97656e+06
    2.98814e+06    3.38546e+06    3.78277e+06
        -206929         195377         597683
         641361         997313    1.35326e+06
    1.74018e+06    2.09842e+06    2.45665e+06
    1.52582e+06    1.90631e+06    2.28681e+06
         130261         529466         928670
         788450     1.1928e+06    1.59715e+06
        -116936         287397         691731
         968925    1.35068e+06    1.73244e+06
    1.60505e+06    1.99294e+06    2.38082e+06
        -125418         277670         680757
    2.53272e+06    2.93016e+06    3.32759e+06
    1.74385e+06    2.14704e+06    2.55022e+06
    2.15431e+06    2.50401e+06    2.85371e+06
         252351         600453         948555
        -134618         232978         600573
    2.67876e+06    3.01835e+06    3.35794e+06
    1.73739e+06    2.12283e+06    2.50828e+06
    2.23089e+06    2.63838e+06    3.04588e+06
         835388    1.22781e+06    1.62022e+06
    2.33625e+06     2.7149e+06    3.09355e+06
    2.56287e+06    2.92058e+06    3.27829e+06
        -183077         192765         568608
         513071         864992    1.21691e+06
        -105033         282761         670555
        -141570         230610         602791
    1.05855e+06    1.42185e+06    1.78515e+06
    2.53967e+06    2.90892e+06    3.27816e+06
    1.39343e+06    1.74664e+06    2.09984e+06
    2.50518e+06    2.91553e+06    3.32589e+06
    2.33754e+06    2.69437e+06    3.05121e+06
    2.12239e+06    2.49647e+06    2.87055e+06
    2.13343e+06     2.5134e+06    2.89337e+06
         183560         542784         902007
     2.2649e+06    2.62273e+06    2.98055e+06
    2.19915e+06    2.59579e+06    2.99242e+06
    2.08832e+06     2.4737e+06    2.85907e+06
         395920         804603    1.21329e+06
    2.45431e+06    2.86408e+06    3.27385e+06
    1.95568e+06    2.34423e+06    2.73277e+06
    1.64531e+06    1.98754e+06    2.32978e+06
         580865         945254    1.30964e+06
    1.39182e+06    1.79505e+06    2.19828e+06
    1.69063e+06    2.07033e+06    2.45003e+06
     2.3951e+06    2.73727e+06    3.07943e+06
         828736    1.23927e+06    1.64981e+06
         802457    1.16525e+06    1.52805e+06
    2.11162e+06    2.46733e+06    2.82304e+06
         436674         811379    1.18608e+06
    2.36373e+06    2.72444e+06    3.08516e+06
         674290    1.02285e+06    1.37141e+06
    2.78682e+06    3.13476e+06     3.4827e+06
    2.84541e+06    3.21855e+06     3.5917e+06
    1.10612e+06    1.50743e+06    1.90873e+06
        -249093         154815         558724
    1.17277e+06    1.56335e+06    1.95392e+06
    2.32193e+06    2.71046e+06    3.09899e+06
    1.38004e+06    1.74289e+06    2.10573e+06
    1.67845e+06    2.02782e+06     2.3772e+06
    1.29302e+06    1.68041e+06    2.06781e+06
