    1.34039e+06    1.35921e+06    1.37804e+06
    3.27349e+06    3.29357e+06    3.31364e+06
    2.31775e+06    2.33475e+06    2.35176e+06
         850838         869872         888906
     2.4508e+06    2.47123e+06    2.49165e+06
    2.16641e+06    2.18289e+06    2.19938e+06
    3.46288e+06    3.48151e+06    3.50015e+06
         937314         957681         978049
    1.89978e+06    1.91885e+06    1.93792e+06
    1.25334e+06    1.27218e+06    1.29101e+06
    1.51043e+06    1.53058e+06    1.55072e+06
    2.80282e+06    2.81977e+06    2.83672e+06
    1.27542e+06    1.29364e+06    1.31186e+06
    3.10079e+06    3.11923e+06    3.13766e+06
         870868         888743         906618
         799081         817857         836634
    3.21168e+06    3.22778e+06    3.24387e+06
     1.1335e+06    1.15136e+06    1.16923e+06
    2.81076e+06    2.82885e+06    2.84695e+06
     3.3298e+06    3.34735e+06    3.36489e+06
    1.88336e+06    1.90038e+06    1.91739e+06
         916431         933136         949840
     2.1075e+06    2.12516e+06    2.14282e+06
    1.34473e+06    1.36395e+06    1.38318e+06
         882194         900800         919405
    1.83268e+06    1.84947e+06    1.86626e+06
    1.62306e+06    1.64167e+06    1.66029e+06
    2.61059e+06    2.63059e+06    2.65058e+06
    2.42927e+06    2.44605e+06    2.46284e+06
      1.854e+06      1.872e+06       1.89e+06
    2.89679e+06    2.91401e+06    2.93123e+06
    2.88163e+06    2.89984e+06    2.91805e+06
    1.11798e+06    1.13695e+06    1.15591e+06
    1.12253e+06    1.14033e+06    1.15813e+06
    1.55066e+06     1.5693e+06    1.58794e+06
    1.26671e+06    1.28511e+06     1.3035e+06
     2.5138e+06    2.53315e+06     2.5525e+06
    2.89442e+06    2.91119e+06    2.92797e+06
    1.32964e+06    1.34822e+06     1.3668e+06
    1.52964e+06    1.54747e+06    1.56529e+06
    2.05133e+06     2.0672e+06    2.08306e+06
    2.82161e+06    2.84032e+06    2.85903e+06
         879275         898819         918363
    1.83135e+06    1.85039e+06    1.86943e+06
         976688         997207    1.01773e+06
     1.5821e+06    1.60091e+06    1.61972e+06
    1.71568e+06    1.73339e+06    1.75109e+06
    1.84165e+06    1.86094e+06    1.88024e+06
    1.05695e+06    1.07554e+06    1.09412e+06
    1.37761e+06    1.39656e+06    1.41551e+06
    1.44022e+06    1.45647e+06    1.47273e+06
    2.47019e+06    2.49047e+06    2.51076e+06
    1.18257e+06    1.20056e+06    1.21856e+06
    1.42868e+06    1.44595e+06    1.46322e+06
    1.20536e+06    1.22376e+06    1.24216e+06
    1.35586e+06    1.37255e+06    1.38924e+06
    1.20024e+06    1.21649e+06    1.23274e+06
    2.99066e+06    3.00818e+06     3.0257e+06
    2.71421e+06    2.73158e+06    2.74896e+06
    1.74313e+06    1.76051e+06    1.77788e+06
    1.09873e+06    1.11926e+06     1.1398e+06
    1.67867e+06    1.69857e+06    1.71848e+06
    2.22214e+06    2.24034e+06    2.25854e+06
    3.07121e+06    3.08851e+06     3.1058e+06
    1.82534e+06    1.84238e+06    1.85942e+06
     2.2429e+06    2.26159e+06    2.28027e+06
     3.2583e+06    3.27708e+06    3.29586e+06
    3.02674e+06    3.04614e+06    3.06555e+06
    2.16036e+06    2.17949e+06    2.19861e+06
    1.08741e+06    1.10482e+06    1.12223e+06
    2.70485e+06    2.72483e+06     2.7448e+06
    2.31657e+06    2.33444e+06    2.35231e+06
    2.19845e+06    2.21837e+06    2.23828e+06
    2.07946e+06    2.09765e+06    2.11583e+06
    2.32917e+06    2.34745e+06    2.36573e+06
    1.12607e+06    1.14684e+06    1.16762e+06
    1.90753e+06     1.9253e+06    1.94308e+06
    1.02355e+06    1.04376e+06    1.06397e+06
     2.5762e+06    2.59616e+06    2.61612e+06
    2.43727e+06    2.45457e+06    2.47188e+06
    2.46253e+06     2.4805e+06    2.49846e+06
         990270    1.00823e+06     1.0262e+06
    3.38768e+06    3.40423e+06    3.42079e+06
    1.80215e+06    1.82099e+06    1.83982e+06
    2.95282e+06    2.96961e+06     2.9864e+06
     2.4072e+06    2.42614e+06    2.44507e+06
    2.45254e+06    2.46934e+06    2.48614e+06
    2.56712e+06    2.58335e+06    2.59959e+06
    2.17882e+06    2.19777e+06    2.21673e+06
    1.59272e+06    1.61109e+06    1.62946e+06
         874497         893048         911598
         847973         866275         884578
    1.90634e+06     1.9257e+06    1.94507e+06
    1.33589e+06    1.35273e+06    1.36958e+06
    2.58998e+06    2.60851e+06    2.62704e+06
     2.2736e+06    2.29103e+06    2.30846e+06
    2.07511e+06     2.0925e+06    2.10988e+06
    2.77598e+06    2.79452e+06    2.81305e+06
    2.78523e+06    2.80548e+06    2.82573e+06
    2.63962e+06    2.65949e+06    2.67937e+06
    3.13394e+06    3.15434e+06    3.17474e+06
    1.91428e+06    1.93146e+06    1.94865e+06
    2.33662e+06    2.35553e+06    2.37445e+06
    1.48903e+06    1.50658e+06    1.52412e+06
    1.66387e+06    1.68261e+06    1.70136e+06
    1.56878e+06    1.58809e+06    1.60741e+06
    1.46846e+06     1.4863e+06    1.50414e+06
     3.1987e+06     3.2147e+06    3.23071e+06
         864724         882091         899459
         909967         930093         950218
    1.11308e+06    1.13107e+06    1.14907e+06
    1.45323e+06    1.47251e+06     1.4918e+06
    1.89173e+06    1.91188e+06    1.93202e+06
    1.27534e+06    1.29159e+06    1.30785e+06
    2.37323e+06    2.39177e+06     2.4103e+06
    3.53058e+06    3.54797e+06    3.56536e+06
    3.37509e+06    3.39342e+06    3.41176e+06
    3.09017e+06    3.10836e+06    3.12654e+06
    2.15376e+06    2.17329e+06    2.19282e+06
    2.92421e+06    2.94368e+06    2.96316e+06
    1.84784e+06    1.86444e+06    1.88104e+06
    3.01145e+06    3.02813e+06    3.04482e+06
    2.98522e+06    3.00285e+06    3.02048e+06
    1.14467e+06    1.16118e+06    1.17768e+06
     1.0942e+06     1.1131e+06    1.13199e+06
    2.13259e+06    2.14943e+06    2.16627e+06
    1.52439e+06    1.54384e+06    1.56328e+06
    1.05258e+06    1.07037e+06    1.08815e+06
    2.14917e+06    2.16853e+06     2.1879e+06
    2.52379e+06    2.54154e+06    2.55928e+06
    1.53644e+06    1.55586e+06    1.57528e+06
    1.80448e+06     1.8227e+06    1.84092e+06
    1.73951e+06    1.75803e+06    1.77655e+06
    1.45216e+06      1.469e+06    1.48583e+06
    2.36813e+06    2.38566e+06    2.40318e+06
    1.94216e+06    1.95998e+06    1.97781e+06
    2.26992e+06    2.28891e+06    2.30789e+06
    1.90184e+06    1.91872e+06     1.9356e+06
         760886         778436         795986
    3.06604e+06    3.08477e+06    3.10351e+06
     2.4157e+06    2.43529e+06    2.45488e+06
    2.60901e+06    2.62567e+06    2.64234e+06
    2.06474e+06    2.08193e+06    2.09912e+06
    2.40082e+06    2.41985e+06    2.43888e+06
    1.01988e+06    1.03859e+06     1.0573e+06
    1.37952e+06     1.3981e+06    1.41668e+06
    1.05788e+06    1.07556e+06    1.09324e+06
    2.43501e+06    2.45571e+06    2.47641e+06
    1.77405e+06    1.79103e+06    1.80801e+06
    3.02324e+06    3.04202e+06    3.06081e+06
       2.96e+06    2.97922e+06    2.99843e+06
         912719         931145         949570
    1.24637e+06     1.2653e+06    1.28423e+06
         928973         947643         966314
    1.79769e+06    1.81591e+06    1.83414e+06
    3.42279e+06      3.442e+06     3.4612e+06
    2.98598e+06    3.00622e+06    3.02646e+06
    1.70344e+06      1.722e+06    1.74056e+06
    3.45027e+06    3.46739e+06    3.48452e+06
    3.51481e+06    3.53259e+06    3.55038e+06
    2.61477e+06    2.63496e+06    2.65514e+06
    1.12083e+06    1.13811e+06    1.15538e+06
    2.84338e+06    2.86072e+06    2.87807e+06
     1.2197e+06    1.23729e+06    1.25487e+06
    2.18584e+06    2.20317e+06    2.22049e+06
         837794         856989         876184
     1.9297e+06    1.94869e+06    1.96768e+06
     1.8725e+06     1.8917e+06     1.9109e+06
         820196         839321         858445
     2.6459e+06    2.66247e+06    2.67903e+06
         798213         814619         831025
    2.44493e+06    2.46352e+06    2.48212e+06
    2.45971e+06    2.47912e+06    2.49854e+06
    2.06859e+06    2.08612e+06    2.10365e+06
    1.27622e+06    1.29656e+06    1.31689e+06
    2.38335e+06    2.39899e+06    2.41463e+06
    1.76914e+06    1.78502e+06     1.8009e+06
    1.36365e+06    1.38154e+06    1.39943e+06
    3.00204e+06    3.01933e+06    3.03661e+06
    1.05475e+06    1.07309e+06    1.09142e+06
    2.19474e+06    2.21505e+06    2.23536e+06
    1.77233e+06    1.79095e+06    1.80957e+06
    1.36044e+06    1.37918e+06    1.39791e+06
    2.97034e+06    2.98871e+06    3.00708e+06
    1.94337e+06    1.96026e+06    1.97715e+06
         841710         860572         879435
    2.30223e+06     2.3205e+06    2.33877e+06
    2.42352e+06    2.44155e+06    2.45957e+06
         985874     1.0045e+06    1.02312e+06
    3.06328e+06    3.08107e+06    3.09887e+06
         852097         871581         891065
    2.50398e+06    2.52259e+06     2.5412e+06
    1.08812e+06    1.10599e+06    1.12385e+06
    2.91996e+06    2.93697e+06    2.95398e+06
     2.2257e+06    2.24539e+06    2.26507e+06
    1.07493e+06    1.09279e+06    1.11066e+06
    1.58364e+06    1.60133e+06    1.61902e+06
         984551    1.00419e+06    1.02383e+06
    2.50152e+06    2.51837e+06    2.53522e+06
    1.62983e+06     1.6491e+06    1.66836e+06
    1.65134e+06    1.66849e+06    1.68564e+06
    3.02403e+06    3.04341e+06    3.06279e+06
    1.60918e+06    1.62717e+06    1.64515e+06
    2.76812e+06    2.78597e+06    2.80382e+06
     1.2036e+06    1.22284e+06    1.24207e+06
     1.2022e+06    1.22071e+06    1.23921e+06
    3.04366e+06    3.06203e+06    3.08041e+06
    1.00435e+06    1.02401e+06    1.04367e+06
    1.18846e+06    1.20572e+06    1.22298e+06
    1.15109e+06    1.16866e+06    1.18623e+06
    2.99063e+06    3.00794e+06    3.02525e+06
    1.16938e+06    1.18616e+06    1.20295e+06
    1.03434e+06    1.05015e+06    1.06596e+06
    1.45102e+06    1.46952e+06    1.48802e+06
         945909         964426         982943
    1.12751e+06    1.14644e+06    1.16538e+06
    1.12194e+06    1.14009e+06    1.15823e+06
    1.98899e+06    2.00745e+06    2.02591e+06
    2.20559e+06    2.22502e+06    2.24445e+06
    1.48658e+06    1.50497e+06    1.52336e+06
    2.33242e+06    2.35248e+06    2.37255e+06
     1.3002e+06    1.31924e+06    1.33829e+06
     1.4739e+06    1.49456e+06    1.51522e+06
    2.93133e+06    2.94868e+06    2.96604e+06
         923389         943287         963185
    2.27723e+06    2.29576e+06    2.31428e+06
    1.91473e+06    1.93288e+06    1.95104e+06
    1.26779e+06    1.28761e+06    1.30744e+06
    2.13139e+06    2.14882e+06    2.16625e+06
    1.15563e+06    1.17367e+06    1.19171e+06
    2.91056e+06    2.92774e+06    2.94492e+06
    2.73242e+06    2.75099e+06    2.76957e+06
     1.3111e+06    1.32807e+06    1.34505e+06
    1.24408e+06    1.26446e+06    1.28484e+06
    3.05639e+06    3.07294e+06     3.0895e+06
    2.75575e+06    2.77345e+06    2.79116e+06
    2.91141e+06    2.92784e+06    2.94427e+06
    1.98203e+06    2.00173e+06    2.02144e+06
         882792         899699         916606
    2.78893e+06    2.80689e+06    2.82484e+06
    1.12661e+06    1.14392e+06    1.16124e+06
    3.16852e+06    3.18546e+06    3.20239e+06
    3.26912e+06    3.28625e+06    3.30339e+06
    2.06348e+06    2.08295e+06    2.10242e+06
    1.71706e+06     1.7354e+06    1.75374e+06
    2.32205e+06    2.34001e+06    2.35797e+06
    1.16322e+06    1.17975e+06    1.19628e+06
     2.9478e+06    2.96535e+06     2.9829e+06
    2.59127e+06    2.61035e+06    2.62942e+06
    2.16344e+06    2.18128e+06    2.19912e+06
    2.03555e+06    2.05254e+06    2.06953e+06
     1.6691e+06    1.68973e+06    1.71036e+06
     2.4201e+06    2.43748e+06    2.45486e+06
    1.25588e+06     1.2747e+06    1.29353e+06
    1.48409e+06    1.50236e+06    1.52064e+06
    1.65801e+06    1.67862e+06    1.69924e+06
    3.03416e+06    3.05235e+06    3.07054e+06
    1.03352e+06    1.05168e+06    1.06984e+06
    2.47277e+06    2.49139e+06    2.51001e+06
    2.88953e+06    2.90804e+06    2.92655e+06
    2.99366e+06     3.0111e+06    3.02854e+06
    2.51105e+06    2.53083e+06    2.55061e+06
    1.50271e+06    1.52013e+06    1.53756e+06
    1.60429e+06    1.62392e+06    1.64354e+06
         912323         930149         947975
         861781         878870         895959
         989939    1.00842e+06    1.02691e+06
    1.19034e+06    1.20699e+06    1.22363e+06
         933749         951258         968767
    2.45092e+06    2.46857e+06    2.48621e+06
    1.78841e+06    1.80456e+06     1.8207e+06
         868298         888203         908108
    2.48305e+06    2.50212e+06    2.52118e+06
    2.74894e+06    2.76835e+06    2.78777e+06
    3.03392e+06    3.05177e+06    3.06962e+06
     1.1123e+06    1.12959e+06    1.14689e+06
    1.35253e+06    1.37295e+06    1.39336e+06
    2.27728e+06    2.29529e+06    2.31329e+06
    3.15743e+06    3.17741e+06    3.19738e+06
    1.61986e+06    1.63874e+06    1.65762e+06
    1.36291e+06    1.38094e+06    1.39896e+06
    3.00978e+06    3.02679e+06    3.04381e+06
    2.83707e+06    2.85517e+06    2.87327e+06
    1.07143e+06    1.09062e+06    1.10981e+06
    2.63464e+06    2.65188e+06    2.66911e+06
         891539         910080         928620
    2.07824e+06    2.09468e+06    2.11112e+06
         972963         989335    1.00571e+06
    3.20487e+06    3.22546e+06    3.24606e+06
     1.3075e+06    1.32475e+06      1.342e+06
    3.17056e+06    3.19055e+06    3.21055e+06
         934654         951710         968766
    2.10586e+06    2.12293e+06    2.14001e+06
    1.28904e+06    1.30702e+06      1.325e+06
    1.94604e+06    1.96316e+06    1.98028e+06
    2.99368e+06     3.0111e+06    3.02852e+06
    1.59741e+06    1.61379e+06    1.63016e+06
    2.92115e+06    2.93871e+06    2.95627e+06
    1.30949e+06    1.32907e+06    1.34865e+06
    1.77267e+06    1.78931e+06    1.80594e+06
    1.06126e+06    1.07762e+06    1.09398e+06
    1.26922e+06    1.28814e+06    1.30706e+06
    3.13908e+06    3.15784e+06     3.1766e+06
    1.79117e+06    1.81211e+06    1.83304e+06
    2.75201e+06    2.77234e+06    2.79267e+06
    2.10529e+06    2.12429e+06    2.14329e+06
         974572         994308    1.01404e+06
    2.02562e+06    2.04399e+06    2.06236e+06
    2.55555e+06    2.57341e+06    2.59127e+06
      3.467e+06    3.48331e+06    3.49961e+06
    1.13387e+06    1.15299e+06    1.17212e+06
    1.80711e+06    1.82379e+06    1.84048e+06
    1.62309e+06    1.63944e+06    1.65579e+06
    1.21153e+06    1.23229e+06    1.25305e+06
    1.89478e+06     1.9118e+06    1.92881e+06
    2.84197e+06    2.86172e+06    2.88147e+06
    3.02989e+06    3.04741e+06    3.06493e+06
    2.74935e+06    2.76861e+06    2.78787e+06
         819889         836494         853098
         859628         876734         893841
    2.88725e+06    2.90482e+06     2.9224e+06
    1.89417e+06      1.913e+06    1.93183e+06
    2.53849e+06    2.55656e+06    2.57463e+06
    1.27428e+06    1.29265e+06    1.31101e+06
    1.23357e+06    1.25151e+06    1.26946e+06
     1.3232e+06    1.34035e+06    1.35751e+06
    2.73884e+06    2.75797e+06     2.7771e+06
    1.14533e+06    1.16121e+06    1.17709e+06
         943966         960551         977136
    2.84088e+06    2.85864e+06     2.8764e+06
    2.55267e+06    2.57118e+06    2.58969e+06
    1.62228e+06    1.64055e+06    1.65883e+06
    2.60599e+06    2.62457e+06    2.64314e+06
         903705         920530         937354
    2.54832e+06    2.56667e+06    2.58502e+06
    1.65586e+06    1.67315e+06    1.69044e+06
     2.8132e+06    2.83155e+06     2.8499e+06
    2.92741e+06    2.94525e+06     2.9631e+06
         969739         986396    1.00305e+06
    1.03384e+06    1.05388e+06    1.07393e+06
    1.06779e+06    1.08684e+06    1.10589e+06
    2.60585e+06    2.62167e+06    2.63749e+06
    2.82786e+06     2.8465e+06    2.86513e+06
    2.91799e+06    2.93602e+06    2.95405e+06
    1.17862e+06    1.19555e+06    1.21248e+06
         996747    1.01647e+06     1.0362e+06
    1.05102e+06     1.0693e+06    1.08757e+06
     2.4671e+06    2.48486e+06    2.50261e+06
    2.64768e+06    2.66602e+06    2.68437e+06
         970316         987142    1.00397e+06
    1.07543e+06    1.09374e+06    1.11206e+06
    1.25509e+06    1.27413e+06    1.29318e+06
    2.64543e+06    2.66522e+06    2.68501e+06
         919110         936863         954615
    2.99778e+06    3.01657e+06    3.03537e+06
    1.02487e+06    1.04261e+06    1.06034e+06
    1.62327e+06    1.64248e+06    1.66168e+06
    2.20223e+06    2.22027e+06    2.23831e+06
    1.10925e+06    1.12808e+06    1.14692e+06
    1.11814e+06    1.13542e+06     1.1527e+06
     2.1895e+06    2.20852e+06    2.22753e+06
    1.78079e+06    1.79775e+06     1.8147e+06
    2.08065e+06    2.09807e+06     2.1155e+06
    1.36777e+06    1.38652e+06    1.40527e+06
    2.39356e+06    2.41338e+06     2.4332e+06
    1.47579e+06    1.49546e+06    1.51513e+06
    2.09117e+06    2.10821e+06    2.12525e+06
     2.1088e+06    2.12788e+06    2.14696e+06
    1.56443e+06     1.5809e+06    1.59738e+06
    1.65589e+06    1.67346e+06    1.69104e+06
    2.00232e+06    2.02283e+06    2.04335e+06
         810983         831109         851235
         897427         913944         930461
    1.32186e+06    1.33944e+06    1.35702e+06
    2.52908e+06    2.54596e+06    2.56285e+06
         913639         931817         949994
    2.56185e+06    2.58026e+06    2.59867e+06
    1.08286e+06    1.10089e+06    1.11892e+06
    1.21481e+06    1.23364e+06    1.25247e+06
    1.07767e+06    1.09524e+06    1.11282e+06
    2.81402e+06    2.83254e+06    2.85105e+06
    2.00998e+06    2.02733e+06    2.04467e+06
    2.83862e+06    2.85786e+06    2.87711e+06
    2.39655e+06    2.41369e+06    2.43082e+06
    2.02152e+06    2.03902e+06    2.05652e+06
    1.28605e+06    1.30402e+06    1.32198e+06
    2.64717e+06    2.66418e+06    2.68119e+06
    2.44043e+06    2.45989e+06    2.47934e+06
    2.94368e+06    2.96053e+06    2.97738e+06
    2.01405e+06    2.03377e+06    2.05348e+06
    2.67549e+06    2.69334e+06     2.7112e+06
    3.26374e+06    3.28129e+06    3.29885e+06
     1.1365e+06    1.15543e+06    1.17435e+06
    1.48603e+06    1.50307e+06    1.52012e+06
    2.01844e+06    2.03679e+06    2.05515e+06
    1.18643e+06    1.20589e+06    1.22535e+06
    1.65802e+06     1.6759e+06    1.69377e+06
    1.09831e+06    1.11547e+06    1.13264e+06
    2.31957e+06    2.33639e+06    2.35321e+06
    1.95096e+06    1.96833e+06    1.98571e+06
    3.34915e+06    3.36557e+06      3.382e+06
    2.58667e+06     2.6057e+06    2.62473e+06
         879213         895857         912500
         965034         983359    1.00168e+06
         997814    1.01641e+06      1.035e+06
         916161         935233         954304
      1.056e+06    1.07436e+06    1.09272e+06
    1.08658e+06    1.10594e+06    1.12529e+06
     1.1707e+06    1.18891e+06    1.20712e+06
    2.70838e+06    2.72855e+06    2.74873e+06
    1.45705e+06    1.47427e+06    1.49149e+06
    1.89169e+06    1.90823e+06    1.92477e+06
    2.98389e+06    3.00092e+06    3.01795e+06
    2.10601e+06    2.12594e+06    2.14586e+06
    2.07654e+06    2.09448e+06    2.11243e+06
    1.10259e+06    1.12085e+06    1.13912e+06
         857689         876506         895323
    1.41831e+06    1.43895e+06    1.45959e+06
    1.23142e+06    1.24988e+06    1.26834e+06
    1.94278e+06    1.96227e+06    1.98177e+06
    1.64207e+06    1.66055e+06    1.67904e+06
    1.14685e+06    1.16585e+06    1.18486e+06
    2.26131e+06    2.27871e+06    2.29611e+06
    2.74215e+06    2.76014e+06    2.77814e+06
    1.50316e+06    1.52088e+06     1.5386e+06
    2.79257e+06     2.8096e+06    2.82663e+06
    1.21369e+06    1.23283e+06    1.25197e+06
         874022         892987         911951
    1.56917e+06    1.58665e+06    1.60413e+06
    2.60221e+06    2.61791e+06    2.63361e+06
    2.91697e+06    2.93436e+06    2.95176e+06
    1.58888e+06    1.60736e+06    1.62584e+06
    2.18098e+06    2.19886e+06    2.21674e+06
    2.71798e+06    2.73481e+06    2.75164e+06
    1.44248e+06    1.46029e+06    1.47809e+06
    2.37449e+06     2.3922e+06    2.40992e+06
    1.80761e+06    1.82517e+06    1.84274e+06
    3.50259e+06    3.51968e+06    3.53676e+06
    1.77911e+06    1.79821e+06    1.81731e+06
    3.28911e+06    3.30611e+06    3.32311e+06
         955905         973710         991515
    1.00412e+06    1.02296e+06     1.0418e+06
    2.02492e+06    2.04218e+06    2.05943e+06
         914688         933077         951465
    1.75259e+06    1.77013e+06    1.78767e+06
    1.04172e+06    1.05989e+06    1.07807e+06
    1.39859e+06    1.41659e+06    1.43459e+06
    1.40017e+06    1.41761e+06    1.43505e+06
    1.92865e+06    1.94844e+06    1.96823e+06
    1.04219e+06    1.06077e+06    1.07935e+06
     2.6389e+06    2.65797e+06    2.67703e+06
         969584         987095    1.00461e+06
    1.12507e+06    1.14468e+06    1.16428e+06
    1.08653e+06    1.10659e+06    1.12666e+06
    1.18576e+06    1.20319e+06    1.22062e+06
    2.05892e+06    2.07607e+06    2.09323e+06
    1.44088e+06    1.45863e+06    1.47639e+06
    1.42337e+06    1.44118e+06      1.459e+06
    1.31467e+06    1.33333e+06    1.35199e+06
    1.19457e+06    1.21143e+06    1.22829e+06
    1.39355e+06    1.41046e+06    1.42738e+06
    1.64011e+06    1.65752e+06    1.67494e+06
     2.9811e+06    2.99981e+06    3.01851e+06
    1.65038e+06    1.66943e+06    1.68847e+06
    2.56186e+06    2.58017e+06    2.59847e+06
    1.30295e+06    1.32318e+06     1.3434e+06
    2.63236e+06    2.64997e+06    2.66758e+06
         812626         828438         844249
         983896    1.00208e+06    1.02027e+06
         850465         871028         891592
     3.0443e+06    3.06248e+06    3.08066e+06
    2.35522e+06    2.37208e+06    2.38895e+06
    2.23765e+06    2.25621e+06    2.27477e+06
    3.04675e+06    3.06347e+06    3.08018e+06
    1.88164e+06    1.90004e+06    1.91845e+06
    1.69499e+06    1.71224e+06    1.72948e+06
    1.86763e+06    1.88566e+06    1.90369e+06
    2.42889e+06    2.44575e+06     2.4626e+06
    2.20776e+06    2.22688e+06    2.24599e+06
    1.01015e+06     1.0287e+06    1.04724e+06
    2.71265e+06    2.73183e+06    2.75101e+06
     2.5189e+06    2.53621e+06    2.55353e+06
    2.34071e+06    2.35701e+06    2.37331e+06
    1.13858e+06    1.15622e+06    1.17386e+06
     2.8199e+06    2.83947e+06    2.85904e+06
         916244         933153         950062
    1.86736e+06    1.88546e+06    1.90355e+06
         925459         945330         965200
    2.34877e+06    2.36551e+06    2.38226e+06
    2.58177e+06     2.5985e+06    2.61523e+06
    2.00485e+06     2.0235e+06    2.04214e+06
    2.82188e+06    2.84041e+06    2.85893e+06
    3.35127e+06    3.36827e+06    3.38526e+06
    2.80424e+06     2.8218e+06    2.83935e+06
    2.78357e+06    2.80041e+06    2.81724e+06
    2.26102e+06     2.2779e+06    2.29479e+06
         822227         841918         861609
    1.71832e+06    1.73673e+06    1.75515e+06
    2.77074e+06    2.79065e+06    2.81057e+06
    2.78681e+06    2.80658e+06    2.82635e+06
    2.45105e+06    2.47031e+06    2.48956e+06
    2.20351e+06    2.22187e+06    2.24024e+06
    2.02222e+06    2.03885e+06    2.05548e+06
    1.04042e+06    1.05694e+06    1.07346e+06
    1.59927e+06     1.6187e+06    1.63813e+06
    2.30889e+06    2.32602e+06    2.34315e+06
    1.02306e+06    1.04029e+06    1.05751e+06
         798433         817014         835595
         992093    1.01012e+06    1.02815e+06
    2.81385e+06    2.83056e+06    2.84728e+06
    2.83388e+06    2.85356e+06    2.87324e+06
    1.32525e+06    1.34245e+06    1.35964e+06
    2.56393e+06    2.58103e+06    2.59813e+06
         862298         879616         896934
    1.95402e+06    1.97286e+06    1.99171e+06
    2.77648e+06    2.79462e+06    2.81276e+06
         907391         925622         943853
    2.29294e+06    2.30954e+06    2.32615e+06
    1.33271e+06    1.35133e+06    1.36995e+06
    2.71962e+06    2.73914e+06    2.75866e+06
    2.19864e+06    2.21746e+06    2.23628e+06
    2.67584e+06    2.69209e+06    2.70835e+06
    2.21309e+06     2.2319e+06    2.25072e+06
    2.67139e+06    2.68719e+06    2.70298e+06
    1.50658e+06    1.52423e+06    1.54188e+06
    2.48405e+06    2.50209e+06    2.52012e+06
    2.46029e+06    2.47698e+06    2.49367e+06
    1.67282e+06    1.68907e+06    1.70533e+06
    3.14311e+06    3.15995e+06     3.1768e+06
         942111         962326         982540
    1.80843e+06     1.8245e+06    1.84058e+06
         878262         896555         914849
    3.26066e+06    3.27795e+06    3.29523e+06
    1.83313e+06    1.84861e+06    1.86408e+06
     1.2688e+06    1.28863e+06    1.30846e+06
    2.27319e+06    2.29229e+06    2.31139e+06
         819293         838434         857574
    1.05631e+06    1.07296e+06    1.08961e+06
     1.9762e+06    1.99372e+06    2.01124e+06
    3.05034e+06    3.06839e+06    3.08644e+06
    2.06142e+06    2.08124e+06    2.10107e+06
    1.70256e+06    1.72353e+06    1.74449e+06
         867301         883703         900105
    2.14514e+06    2.16477e+06    2.18439e+06
      2.654e+06    2.67144e+06    2.68888e+06
     2.7046e+06    2.72336e+06    2.74211e+06
    2.97761e+06    2.99607e+06    3.01453e+06
         756140         774656         793173
    1.17827e+06    1.19618e+06    1.21409e+06
    2.23581e+06    2.25456e+06    2.27331e+06
    1.05805e+06    1.07517e+06    1.09229e+06
    1.98198e+06    2.00204e+06    2.02209e+06
    1.09569e+06    1.11569e+06     1.1357e+06
    2.67747e+06    2.69434e+06    2.71122e+06
    3.02903e+06    3.04653e+06    3.06402e+06
    3.06907e+06    3.08825e+06    3.10743e+06
    1.56921e+06    1.58806e+06    1.60692e+06
    1.03752e+06    1.05532e+06    1.07312e+06
    1.30634e+06    1.32238e+06    1.33841e+06
         887686         905640         923595
    2.66518e+06    2.68299e+06    2.70081e+06
    2.63702e+06    2.65679e+06    2.67656e+06
    1.28122e+06    1.30102e+06    1.32082e+06
    2.44006e+06    2.46008e+06    2.48009e+06
    1.68676e+06    1.70571e+06    1.72465e+06
    3.25898e+06    3.27788e+06    3.29679e+06
    1.58133e+06    1.59996e+06     1.6186e+06
         960333         979302         998271
    2.71558e+06    2.73126e+06    2.74693e+06
     1.4273e+06    1.44695e+06    1.46659e+06
         977360         995272    1.01318e+06
    3.30342e+06    3.32139e+06    3.33936e+06
         888297         906765         925233
    2.92533e+06    2.94425e+06    2.96318e+06
    1.47956e+06    1.49899e+06    1.51842e+06
    1.51657e+06    1.53431e+06    1.55206e+06
    2.67803e+06    2.69568e+06    2.71332e+06
         831451         848673         865894
    1.16955e+06    1.18872e+06     1.2079e+06
    3.06736e+06    3.08763e+06     3.1079e+06
         938155         956836         975517
     2.1422e+06    2.16209e+06    2.18197e+06
    2.33656e+06    2.35514e+06    2.37372e+06
    1.93072e+06    1.94863e+06    1.96654e+06
    2.98137e+06    2.99928e+06    3.01718e+06
    1.81008e+06    1.82604e+06    1.84201e+06
    1.13504e+06    1.15483e+06    1.17463e+06
      2.255e+06    2.27353e+06    2.29207e+06
    1.06583e+06    1.08544e+06    1.10505e+06
    2.97807e+06    2.99604e+06    3.01402e+06
    2.89765e+06    2.91666e+06    2.93567e+06
     1.9596e+06    1.97644e+06    1.99327e+06
    1.59323e+06    1.61413e+06    1.63503e+06
    2.86308e+06    2.87943e+06    2.89578e+06
    1.46233e+06    1.48174e+06    1.50115e+06
     1.7675e+06    1.78519e+06    1.80289e+06
    1.40963e+06     1.4259e+06    1.44217e+06
    1.06801e+06    1.08808e+06    1.10816e+06
    2.21702e+06    2.23507e+06    2.25313e+06
         827618         845301         862983
    1.11663e+06    1.13495e+06    1.15326e+06
    1.83923e+06    1.85918e+06    1.87912e+06
     1.5096e+06    1.52951e+06    1.54943e+06
    1.11814e+06     1.1358e+06    1.15347e+06
    1.12122e+06    1.13951e+06    1.15781e+06
    1.24039e+06    1.25744e+06     1.2745e+06
    1.38872e+06    1.40675e+06    1.42477e+06
    1.19986e+06    1.21764e+06    1.23542e+06
    1.41454e+06    1.43135e+06    1.44816e+06
    2.43475e+06    2.45271e+06    2.47068e+06
     2.2762e+06    2.29578e+06    2.31537e+06
     1.2625e+06    1.28271e+06    1.30293e+06
    1.50513e+06     1.5233e+06    1.54147e+06
    1.16469e+06    1.18411e+06    1.20353e+06
    1.23393e+06    1.25242e+06    1.27092e+06
    1.33775e+06    1.35658e+06    1.37541e+06
    1.96402e+06    1.98199e+06    1.99996e+06
    2.70184e+06    2.71848e+06    2.73513e+06
         768378         788635         808893
    1.35431e+06    1.37115e+06      1.388e+06
    1.04286e+06     1.0635e+06    1.08414e+06
         867590         886228         904865
    1.05691e+06    1.07553e+06    1.09415e+06
    1.91109e+06    1.92908e+06    1.94707e+06
    1.44641e+06    1.46486e+06    1.48331e+06
    1.37424e+06    1.39074e+06    1.40725e+06
    2.87736e+06    2.89601e+06    2.91465e+06
    3.22899e+06    3.24569e+06     3.2624e+06
    2.03437e+06    2.05037e+06    2.06638e+06
    2.11602e+06    2.13608e+06    2.15613e+06
    1.67341e+06    1.69042e+06    1.70744e+06
    1.68308e+06    1.70051e+06    1.71794e+06
    2.27318e+06     2.2904e+06    2.30761e+06
    2.69505e+06     2.7128e+06    2.73055e+06
    3.25831e+06    3.27792e+06    3.29753e+06
    1.26143e+06    1.27952e+06     1.2976e+06
    1.08961e+06    1.10771e+06    1.12581e+06
      1.612e+06    1.63111e+06    1.65022e+06
     1.9839e+06    2.00156e+06    2.01921e+06
    2.55877e+06    2.57899e+06     2.5992e+06
    2.06021e+06    2.07798e+06    2.09574e+06
    2.41285e+06    2.43082e+06     2.4488e+06
    2.73684e+06    2.75645e+06    2.77606e+06
    2.04064e+06    2.05995e+06    2.07925e+06
     2.4605e+06    2.47866e+06    2.49681e+06
         846099         862822         879544
    2.00136e+06    2.01851e+06    2.03567e+06
         890016         908624         927232
    2.02312e+06    2.04079e+06    2.05846e+06
    2.66391e+06    2.68188e+06    2.69985e+06
    2.21828e+06    2.23799e+06    2.25771e+06
    1.28354e+06    1.30366e+06    1.32378e+06
    1.30691e+06    1.32392e+06    1.34093e+06
    2.91939e+06    2.93971e+06    2.96003e+06
    3.36632e+06    3.38618e+06    3.40605e+06
     3.2628e+06    3.28127e+06    3.29973e+06
    1.05654e+06     1.0747e+06    1.09285e+06
    1.27135e+06    1.28782e+06    1.30429e+06
    1.71838e+06    1.73703e+06    1.75567e+06
    1.58548e+06    1.60609e+06     1.6267e+06
    2.25943e+06    2.27669e+06    2.29395e+06
    1.30177e+06    1.31755e+06    1.33333e+06
         884396         905173         925950
         873920         893860         913799
    2.87514e+06    2.89211e+06    2.90909e+06
         968950         987589    1.00623e+06
    2.76781e+06    2.78773e+06    2.80766e+06
    2.26099e+06     2.2803e+06     2.2996e+06
    1.25425e+06    1.27295e+06    1.29165e+06
    3.32374e+06    3.34153e+06    3.35933e+06
    3.46871e+06     3.4884e+06    3.50808e+06
    1.06346e+06    1.08107e+06    1.09869e+06
         904666         923170         941675
    1.97296e+06    1.99007e+06    2.00717e+06
    3.03752e+06    3.05608e+06    3.07465e+06
    3.36227e+06     3.3793e+06    3.39634e+06
     1.9602e+06    1.97903e+06    1.99786e+06
         962255         981467    1.00068e+06
    1.82414e+06    1.84136e+06    1.85858e+06
    1.62329e+06    1.64192e+06    1.66056e+06
    2.92494e+06    2.94464e+06    2.96434e+06
     2.0456e+06    2.06351e+06    2.08142e+06
    1.19668e+06    1.21502e+06    1.23336e+06
    1.45069e+06    1.46768e+06    1.48466e+06
    2.60551e+06     2.6231e+06    2.64069e+06
    1.55193e+06     1.5717e+06    1.59147e+06
    2.54764e+06    2.56738e+06    2.58712e+06
    2.06948e+06     2.0861e+06    2.10271e+06
    1.74361e+06    1.76088e+06    1.77815e+06
    2.32328e+06    2.34046e+06    2.35763e+06
    1.69655e+06    1.71416e+06    1.73178e+06
    2.66657e+06    2.68278e+06    2.69899e+06
    1.05191e+06    1.06981e+06     1.0877e+06
     2.5361e+06    2.55343e+06    2.57076e+06
    1.41268e+06    1.43232e+06    1.45197e+06
    2.09233e+06    2.10867e+06      2.125e+06
    1.25417e+06    1.27333e+06     1.2925e+06
    1.57564e+06    1.59442e+06     1.6132e+06
         845209         863006         880803
    2.37314e+06    2.39128e+06    2.40941e+06
    1.41503e+06    1.43497e+06    1.45491e+06
         878033         896541         915050
    1.90946e+06    1.92806e+06    1.94667e+06
    2.54584e+06    2.56568e+06    2.58553e+06
    1.48244e+06     1.5003e+06    1.51817e+06
    1.88725e+06    1.90687e+06     1.9265e+06
    2.28673e+06    2.30564e+06    2.32454e+06
    3.53366e+06    3.55289e+06    3.57213e+06
    1.58555e+06    1.60451e+06    1.62348e+06
         937231         954043         970856
    1.96187e+06    1.97898e+06    1.99608e+06
    1.75102e+06    1.76755e+06    1.78408e+06
    2.09648e+06    2.11271e+06    2.12894e+06
    1.00054e+06     1.0171e+06    1.03367e+06
     1.6171e+06    1.63499e+06    1.65287e+06
    2.56695e+06    2.58436e+06    2.60176e+06
    1.49116e+06    1.50902e+06    1.52687e+06
    1.11754e+06    1.13524e+06    1.15295e+06
    1.55457e+06    1.57369e+06    1.59281e+06
    1.85049e+06    1.86876e+06    1.88702e+06
    1.20736e+06    1.22462e+06    1.24188e+06
         765057         782571         800084
         997056    1.01286e+06    1.02866e+06
    1.03433e+06    1.05188e+06    1.06943e+06
    2.93178e+06    2.94813e+06    2.96448e+06
    1.74208e+06    1.76186e+06    1.78165e+06
    1.39954e+06    1.41886e+06    1.43818e+06
    2.56443e+06    2.58287e+06    2.60131e+06
    3.18755e+06    3.20603e+06    3.22451e+06
    1.66428e+06     1.6818e+06    1.69931e+06
     2.8013e+06    2.81794e+06    2.83459e+06
    2.70031e+06    2.71839e+06    2.73646e+06
    2.10407e+06    2.12208e+06    2.14008e+06
    1.10388e+06    1.12025e+06    1.13662e+06
     2.4727e+06    2.49062e+06    2.50855e+06
    1.84398e+06    1.86075e+06    1.87752e+06
    1.46356e+06    1.48147e+06    1.49938e+06
    1.74088e+06    1.75817e+06    1.77546e+06
     1.4615e+06    1.47862e+06    1.49574e+06
    2.79471e+06    2.81482e+06    2.83493e+06
         898851         918147         937444
    2.80367e+06    2.82123e+06    2.83879e+06
    1.99438e+06     2.0131e+06    2.03183e+06
    1.25614e+06    1.27308e+06    1.29003e+06
    1.23842e+06    1.25585e+06    1.27328e+06
    1.02188e+06    1.03922e+06    1.05656e+06
    1.12071e+06    1.13824e+06    1.15576e+06
         845367         861896         878425
    2.91453e+06    2.93434e+06    2.95415e+06
    1.55247e+06    1.56992e+06    1.58737e+06
    2.50328e+06    2.51971e+06    2.53613e+06
    1.96067e+06    1.97889e+06     1.9971e+06
         905334         921976         938619
    2.72328e+06    2.74104e+06     2.7588e+06
    1.44545e+06    1.46231e+06    1.47918e+06
     1.4249e+06    1.44192e+06    1.45894e+06
    2.40899e+06    2.42749e+06    2.44599e+06
    2.05547e+06    2.07282e+06    2.09017e+06
    1.39785e+06    1.41446e+06    1.43106e+06
    2.03378e+06    2.05145e+06    2.06911e+06
    2.22952e+06    2.24888e+06    2.26823e+06
         995235    1.01458e+06    1.03393e+06
    1.96025e+06    1.97939e+06    1.99852e+06
    2.41715e+06    2.43609e+06    2.45503e+06
    2.79071e+06     2.8093e+06    2.82789e+06
    2.22484e+06    2.24147e+06     2.2581e+06
    2.93299e+06    2.95026e+06    2.96753e+06
    2.70499e+06    2.72566e+06    2.74633e+06
         860344         878157         895969
    3.11781e+06    3.13629e+06    3.15476e+06
    3.35529e+06    3.37284e+06    3.39038e+06
    1.87151e+06    1.89024e+06    1.90897e+06
    2.77357e+06    2.79267e+06    2.81177e+06
    1.40224e+06    1.42092e+06    1.43959e+06
    2.77059e+06    2.78996e+06    2.80934e+06
         916913         936526         956138
    3.31978e+06    3.33961e+06    3.35944e+06
    1.60758e+06    1.62555e+06    1.64352e+06
    1.66029e+06    1.68062e+06    1.70094e+06
    1.26532e+06    1.28407e+06    1.30282e+06
    2.14498e+06      2.163e+06    2.18102e+06
    1.29441e+06     1.3117e+06      1.329e+06
      1.386e+06    1.40461e+06    1.42323e+06
    2.96775e+06    2.98468e+06    3.00162e+06
    3.28906e+06    3.30701e+06    3.32496e+06
    2.26198e+06    2.28079e+06     2.2996e+06
         897870         915816         933762
    1.36009e+06    1.37938e+06    1.39867e+06
    1.35504e+06    1.37439e+06    1.39373e+06
     3.3447e+06    3.36196e+06    3.37922e+06
    2.57504e+06     2.5925e+06    2.60996e+06
    1.83981e+06    1.85686e+06    1.87392e+06
    3.20866e+06    3.22827e+06    3.24788e+06
    2.63843e+06    2.65711e+06    2.67579e+06
    2.52363e+06    2.54196e+06     2.5603e+06
    1.65737e+06    1.67757e+06    1.69778e+06
    2.60141e+06    2.61959e+06    2.63776e+06
    1.00756e+06    1.02505e+06    1.04254e+06
    2.03979e+06    2.05893e+06    2.07807e+06
    1.75409e+06    1.77388e+06    1.79367e+06
    2.08307e+06    2.10158e+06    2.12008e+06
    1.10587e+06    1.12501e+06    1.14414e+06
    1.17929e+06    1.19684e+06     1.2144e+06
    2.55289e+06      2.573e+06     2.5931e+06
    1.59197e+06    1.60994e+06    1.62792e+06
    1.87888e+06    1.89754e+06    1.91619e+06
    1.20605e+06     1.2258e+06    1.24556e+06
     1.0567e+06    1.07414e+06    1.09158e+06
    1.17815e+06    1.19503e+06     1.2119e+06
         914528         934744         954959
    1.16325e+06     1.1816e+06    1.19994e+06
    1.52918e+06     1.5477e+06    1.56621e+06
    1.15396e+06    1.17043e+06     1.1869e+06
    1.01841e+06    1.03542e+06    1.05242e+06
     2.4455e+06    2.46296e+06    2.48043e+06
    2.20996e+06    2.22831e+06    2.24665e+06
    1.42135e+06    1.43868e+06    1.45602e+06
    3.00248e+06    3.02109e+06    3.03969e+06
    2.15779e+06    2.17434e+06    2.19088e+06
     1.3151e+06    1.33413e+06    1.35316e+06
    1.64499e+06    1.66304e+06    1.68108e+06
    2.02656e+06    2.04487e+06    2.06317e+06
    1.19987e+06    1.21966e+06    1.23945e+06
    1.72355e+06    1.74147e+06    1.75938e+06
    2.71067e+06    2.72765e+06    2.74463e+06
    1.97555e+06    1.99107e+06    2.00658e+06
    2.36993e+06    2.38833e+06    2.40673e+06
    1.21863e+06    1.23702e+06     1.2554e+06
    1.20146e+06    1.21855e+06    1.23564e+06
    1.96106e+06    1.97932e+06    1.99758e+06
     2.4033e+06    2.42389e+06    2.44448e+06
         792481         811152         829823
    1.55429e+06    1.57427e+06    1.59424e+06
         784061         802117         820174
    1.24592e+06    1.26614e+06    1.28635e+06
    1.51954e+06    1.53969e+06    1.55984e+06
    2.80412e+06    2.82134e+06    2.83856e+06
    2.34196e+06    2.36063e+06     2.3793e+06
         943132         959920         976709
         905085         924657         944229
    1.03257e+06    1.05071e+06    1.06885e+06
    2.53704e+06    2.55588e+06    2.57471e+06
         954933         973162         991391
    1.78915e+06      1.807e+06    1.82486e+06
    1.47015e+06    1.48675e+06    1.50335e+06
         946470         964518         982566
    2.29707e+06    2.31572e+06    2.33436e+06
    1.10375e+06    1.12081e+06    1.13787e+06
    3.05107e+06    3.06772e+06    3.08438e+06
     1.9209e+06    1.93891e+06    1.95691e+06
    2.61761e+06    2.63482e+06    2.65203e+06
    1.86511e+06    1.88558e+06    1.90605e+06
         949374         967479         985584
    1.22701e+06    1.24696e+06    1.26691e+06
    1.25753e+06    1.27475e+06    1.29197e+06
     1.4381e+06    1.45621e+06    1.47431e+06
     1.6442e+06     1.6614e+06     1.6786e+06
    2.93818e+06    2.95775e+06    2.97732e+06
    1.00871e+06    1.02775e+06    1.04679e+06
         919932         938225         956517
    1.39267e+06    1.41078e+06    1.42889e+06
    2.31407e+06    2.33411e+06    2.35415e+06
    1.87065e+06     1.8882e+06    1.90576e+06
         796820         814139         831458
     2.2868e+06    2.30416e+06    2.32151e+06
    2.98665e+06    3.00564e+06    3.02463e+06
    1.40758e+06    1.42764e+06     1.4477e+06
    2.09992e+06     2.1195e+06    2.13908e+06
    2.13911e+06    2.15467e+06    2.17023e+06
    2.36626e+06     2.3839e+06    2.40153e+06
    1.65315e+06    1.67014e+06    1.68713e+06
    1.88378e+06     1.9034e+06    1.92302e+06
    2.85011e+06    2.86729e+06    2.88447e+06
    3.16093e+06     3.1799e+06    3.19887e+06
         889749         907725         925701
    2.88984e+06       2.91e+06    2.93015e+06
    3.46603e+06    3.48443e+06    3.50283e+06
    2.20182e+06    2.22031e+06     2.2388e+06
    2.43707e+06    2.45478e+06     2.4725e+06
    2.12254e+06    2.14119e+06    2.15985e+06
    1.73762e+06    1.75706e+06    1.77651e+06
     2.8049e+06    2.82133e+06    2.83776e+06
         955978         974111         992244
    1.18014e+06    1.19866e+06    1.21718e+06
    1.44178e+06    1.46043e+06    1.47908e+06
     1.0635e+06    1.08262e+06    1.10174e+06
    2.48433e+06    2.50117e+06      2.518e+06
    2.35011e+06    2.36979e+06    2.38947e+06
    1.03829e+06    1.05472e+06    1.07114e+06
    1.21479e+06    1.23379e+06    1.25279e+06
    2.34865e+06    2.36944e+06    2.39022e+06
    3.35422e+06     3.3699e+06    3.38558e+06
    2.12903e+06    2.14669e+06    2.16434e+06
       1.15e+06    1.17017e+06    1.19034e+06
    2.01416e+06    2.03216e+06    2.05015e+06
         783715         801055         818395
    3.36749e+06    3.38679e+06    3.40609e+06
    2.90505e+06    2.92421e+06    2.94337e+06
    2.65416e+06    2.67161e+06    2.68906e+06
     1.9266e+06    1.94448e+06    1.96237e+06
         865084         883619         902154
    1.93651e+06    1.95516e+06     1.9738e+06
    1.36103e+06    1.38072e+06     1.4004e+06
    3.19012e+06    3.20708e+06    3.22404e+06
    1.67933e+06    1.69768e+06    1.71604e+06
         935382         953073         970764
    1.78353e+06    1.80039e+06    1.81726e+06
    2.73689e+06    2.75485e+06    2.77282e+06
    1.20497e+06    1.22314e+06    1.24132e+06
    3.44385e+06    3.46027e+06    3.47668e+06
    2.09491e+06    2.11424e+06    2.13356e+06
    1.31885e+06    1.33671e+06    1.35457e+06
    3.22358e+06    3.24218e+06    3.26077e+06
    1.29925e+06    1.31868e+06    1.33812e+06
    1.51442e+06    1.53218e+06    1.54995e+06
    1.65698e+06    1.67459e+06     1.6922e+06
    1.03851e+06     1.0556e+06    1.07269e+06
    1.21773e+06      1.234e+06    1.25027e+06
    1.41648e+06    1.43229e+06     1.4481e+06
    2.95418e+06    2.97171e+06    2.98924e+06
    1.19366e+06    1.20973e+06     1.2258e+06
    2.62752e+06    2.64535e+06    2.66318e+06
    3.20607e+06    3.22573e+06    3.24539e+06
    1.31766e+06    1.33678e+06     1.3559e+06
    2.36851e+06    2.38451e+06    2.40052e+06
    2.34711e+06    2.36481e+06    2.38252e+06
    2.54947e+06    2.56731e+06    2.58515e+06
    1.02064e+06     1.0389e+06    1.05716e+06
    3.45631e+06    3.47333e+06    3.49036e+06
    1.40647e+06    1.42283e+06    1.43919e+06
    2.29369e+06    2.31041e+06    2.32713e+06
    2.53063e+06    2.54801e+06    2.56538e+06
    2.98402e+06    3.00186e+06    3.01969e+06
    2.19278e+06    2.21143e+06    2.23007e+06
    2.06805e+06    2.08519e+06    2.10233e+06
    2.44829e+06    2.46496e+06    2.48164e+06
    2.39376e+06    2.41057e+06    2.42738e+06
    2.48395e+06    2.50119e+06    2.51842e+06
    2.45347e+06    2.47122e+06    2.48896e+06
    1.35229e+06    1.37011e+06    1.38794e+06
    1.40543e+06     1.4259e+06    1.44636e+06
    1.83878e+06    1.85734e+06     1.8759e+06
    1.02676e+06    1.04416e+06    1.06157e+06
     2.7694e+06    2.78736e+06    2.80532e+06
    1.18806e+06    1.20731e+06    1.22657e+06
    1.67935e+06     1.6983e+06    1.71724e+06
    2.94404e+06    2.96316e+06    2.98227e+06
    2.65756e+06     2.6766e+06    2.69565e+06
    2.03737e+06    2.05636e+06    2.07535e+06
    2.89853e+06    2.91743e+06    2.93634e+06
    1.32282e+06      1.343e+06    1.36318e+06
    1.11341e+06    1.13315e+06     1.1529e+06
    1.15836e+06     1.1783e+06    1.19825e+06
    2.67879e+06    2.69661e+06    2.71443e+06
    2.57976e+06    2.59607e+06    2.61238e+06
    2.20329e+06    2.22156e+06    2.23984e+06
    2.36184e+06    2.37818e+06    2.39452e+06
    1.76169e+06    1.77955e+06    1.79741e+06
    1.06315e+06     1.0835e+06    1.10384e+06
    1.79021e+06    1.80955e+06    1.82888e+06
     3.0478e+06    3.06676e+06    3.08572e+06
    1.53564e+06    1.55337e+06     1.5711e+06
    1.50826e+06    1.52726e+06    1.54626e+06
     2.2756e+06    2.29357e+06    2.31153e+06
    2.76416e+06    2.78372e+06    2.80327e+06
     1.7517e+06    1.77012e+06    1.78855e+06
    2.80482e+06    2.82249e+06    2.84015e+06
    1.26163e+06    1.27996e+06    1.29829e+06
    1.34918e+06    1.36666e+06    1.38413e+06
    1.67418e+06    1.69454e+06    1.71489e+06
    1.13118e+06    1.14786e+06    1.16454e+06
    1.48938e+06    1.50677e+06    1.52417e+06
    1.69424e+06    1.71334e+06    1.73245e+06
    1.79611e+06    1.81384e+06    1.83156e+06
    2.11838e+06    2.13516e+06    2.15195e+06
    2.95737e+06    2.97604e+06    2.99472e+06
     2.9292e+06    2.94898e+06    2.96875e+06
    2.58125e+06    2.60042e+06     2.6196e+06
    2.74804e+06    2.76878e+06    2.78951e+06
    1.11176e+06    1.13045e+06    1.14915e+06
    1.62321e+06    1.64078e+06    1.65835e+06
    2.67701e+06    2.69401e+06    2.71102e+06
    3.25797e+06    3.27831e+06    3.29864e+06
         901882         919910         937938
    2.11976e+06    2.13604e+06    2.15231e+06
    1.48662e+06    1.50761e+06    1.52861e+06
    2.39792e+06    2.41632e+06    2.43472e+06
    1.85026e+06    1.86652e+06    1.88277e+06
    1.98716e+06    2.00488e+06     2.0226e+06
    2.85728e+06    2.87456e+06    2.89184e+06
    2.48225e+06    2.49994e+06    2.51763e+06
    2.33707e+06    2.35342e+06    2.36976e+06
    2.55307e+06    2.57123e+06    2.58939e+06
         942376         961923         981470
         866695         885801         904907
    3.06838e+06    3.08691e+06    3.10544e+06
    1.94535e+06    1.96381e+06    1.98226e+06
    1.34879e+06    1.36591e+06    1.38304e+06
    2.73412e+06    2.75068e+06    2.76724e+06
    2.23984e+06    2.25787e+06     2.2759e+06
