99.7673530947
104.0562802106
99.3462266805
96.1971183123
103.361162982
96.6264088078
103.8964102333
105.0670310603
104.2757882405
95.1837392393
102.5854163009
97.8438649002
102.1062136615
103.8201779476
95.5324148645
99.0172748851
96.1779669474
100.4142428884
94.3915402034
96.4521587357
98.4928389581
95.0967506313
106.0896556413
102.5524610501
102.8951412923
98.6776439962
95.0921274329
102.3326898913
95.3440419379
98.5420395527
97.3194210526
98.7903488509
105.84221557
96.99601945
100.0677857037
97.5671540023
98.4849016304
97.8218485961
105.7638154112
99.716600924
95.4987650815
96.1578889161
103.8821051658
101.2731019379
106.169291392
102.1023916234
104.9903441518
106.182721004
95.3987022345
100.5534895505
95.5178847068
106.0022526652
102.1673283718
96.0128700879
104.9269335392
95.3933210124
96.1120185497
97.9807698935
104.3921398367
105.8930862308
106.0520570777
100.920368857
98.1730269364
97.9290722928
96.7603800758
96.5403734887
103.0292190663
106.3301598742
103.7648520054
98.2503737971
104.8294545386
101.0004479444
106.0028303026
104.0440304349
102.9931260022
106.4342664333
102.4589332541
105.8436684228
105.0192692854
98.8443847383
96.6394370253
102.5038778323
97.3771120089
102.3914091062
98.1021417528
105.2853075484
101.374777262
98.4662149782
96.040086228
97.8843878267
101.3698556166
95.4201382336
99.0285101782
97.7909802895
97.9098897395
94.8049277655
96.1239338469
95.2888729583
103.2701976757
103.1142917625
103.5609034326
98.0631675287
106.0194699121
101.4063432927
106.469380524
103.1813229387
94.8593358226
95.0208088716
97.5485118134
102.0637576222
101.0399681555
103.556429244
103.4673070465
96.7797108633
100.3646508065
102.6681638575
94.4827487597
95.3748455154
105.8900918712
104.9378241268
99.5274324955
101.0152375534
105.7190782103
95.4661570915
95.7241008467
96.9165825897
103.7887864372
99.168644822
103.1623840288
100.2962400185
98.0983673146
97.8405368084
101.571056652
102.5763849567
96.3900208321
94.9244480325
101.1386690706
99.2548235887
101.4206993515
106.4617140516
102.912893235
99.6139271958
98.306614233
97.6186555707
97.9247928366
97.2742662495
106.6642961321
106.5793492531
103.2697513438
95.7399310357
98.6751941905
96.7425755664
104.0168947756
94.6343905914
104.8868870409
105.8126159821
105.0286610701
97.968689506
98.5133603826
102.604814722
102.2569533354
97.0785895471
98.0513284865
103.7957978245
104.8185158594
106.2874455873
103.4416289714
99.3720853214
96.8810358646
94.5624285025
97.523080073
102.0413727134
102.8108385818
101.1412475017
103.129177814
95.2702450955
94.7444285543
95.9171216658
104.2533440553
105.0471739424
105.8372385345
100.1558783978
105.0258055203
104.6823392349
96.9481984247
98.1504540757
99.6076066834
96.7537518544
99.5463008939
98.1845316238
105.9942384079
96.8521093069
101.2901540034
100.3467882279
102.4948326214
103.4696605154
98.1165699753
101.8385385036
95.1291112188
105.5715613535
98.5473857301
100.6618424447
101.4454953885
98.2849517647
98.2089612154
97.9014125626
95.161146145
104.5910456412
102.398468009
96.7976321563
104.6577304178
98.1014326669
95.5208263498
99.651217594
99.066800529
105.7770279589
105.6838084673
99.321420382
103.879656146
100.0951994479
101.6796840322
102.2585182391
104.6183009839
94.2442309385
103.0898826166
105.1086376536
106.423830275
102.7300450382
99.2460747996
94.6759069031
95.3539514816
95.9347058351
97.3904639717
106.470967991
100.7287349732
106.3246512061
99.8069096859
103.7117009933
97.9933039351
95.2908786324
99.3814392746
95.2326192118
94.479878614
106.6111915763
106.5375517587
95.5583506703
97.860105014
101.5164128699
96.8377973764
105.87624127
103.0785305796
104.3768989499
94.5978330384
106.2540115526
106.0184906241
106.4803389596
106.3146722241
102.3341231908
96.0111952498
103.1561274031
98.6526879659
106.4239352285
100.0536083446
106.4378317153
105.1274583888
94.3353522385
98.8295751051
101.3690608994
102.3321067471
106.0704841868
95.9945961604
104.7478356912
105.5889072591
100.5043382814
95.0929556523
102.4710337152
103.2423205626
99.046657759
106.2276980485
100.6700653824
94.624054393
96.6539208045
106.3412755003
97.2974120363
96.9275260388
96.753590998
98.829639606
99.0857159019
105.0547703734
99.1992302017
105.861629038
94.6495198975
97.7015559266
98.79824675
103.6549140688
95.2911456933
95.3356615154
97.3009846232
103.8575513828
100.3801367515
96.1904180517
101.5660809584
104.7637134937
106.0167981969
102.8419777428
96.1432669534
106.5797030634
95.9963451217
96.1852201945
97.1987670192
103.6332981095
98.426106185
96.7879271185
106.0620129038
100.4627543223
102.7763849459
105.6265664821
97.8606273714
99.8187061265
103.9779206985
102.9302589974
103.2866561001
95.3585600269
103.1718708564
97.2832808498
96.7233407922
102.0939755903
95.4700404259
100.4516862549
101.8120718787
97.1110649779
101.5088662541
99.8064218641
94.5446308872
101.2808599785
105.0427884596
98.3128693836
106.4174079281
99.3583785282
102.9190286851
105.7682296973
96.2228733806
97.7347396388
94.4000614025
101.0417905886
104.6804445968
98.2097807113
98.5445694448
104.1145934335
102.2016619565
96.1162267165
100.5026998241
102.3777821184
105.5952429116
96.0075813266
96.6934583955
102.8491457565
99.4965733067
97.3904744677
98.5379780087
103.0039804499
96.9999106022
100.235322652
100.2859949164
102.7066112499
99.998478252
97.1388723646
105.0948665629
99.9387069101
98.6606987437
105.0337190834
105.9003078084
94.2371609735
96.3637539106
98.0400426758
103.2057125043
95.6076009799
95.9825218437
95.1277828696
95.3889279437
102.1590017595
95.9011357372
104.4208035286
98.556283695
102.4779984621
94.5048767396
103.3879936391
101.4911063513
101.3849267763
104.694808308
94.5716375769
102.4792314864
96.9390311783
98.5852121036
102.7574041633
100.0648086411
95.6966977924
94.8999307957
102.5292027253
105.3197967719
97.5822557567
101.5528279056
99.7436789066
105.4622030177
99.4606003154
102.0033872521
99.5023165388
104.8245073889
97.3402970739
104.3324746008
95.2677428871
99.0285286272
97.4719049834
101.9766524112
105.4521668214
104.8965898038
103.207890355
105.7864881484
97.2391408657
99.6849624705
95.520363103
104.240334375
94.7128128093
105.7888504068
104.0722280108
94.5489989498
106.5731950076
95.9042252075
103.3708024295
94.8962974256
102.7023574941
104.0594126104
95.1108344682
98.0226788699
103.2030022898
103.8078842211
105.8745553534
94.2848003124
105.7061326545
103.0613515786
102.7407514654
104.3696851128
95.8581642126
106.158065722
105.9475547764
100.7061256708
101.3255642056
94.84595335
99.993007713
105.0927188343
103.5776242275
97.5137698235
99.5182869046
102.0123502364
101.9938349856
96.017297029
100.6886672782
99.0940987591
97.8451953378
94.4664932814
95.6441476415
98.8632169085
101.8655748839
103.399723678
100.3248074913
102.7778425197
102.3852123086
95.4024133004
99.4509843337
104.8154542699
106.3997002974
100.5588035249
101.6983228627
94.2953301478
96.0860519664
95.5989015674
101.8809570722
99.524973482
97.6323245493
95.1776934924
102.0794700724
95.0696934783
94.6650180965
96.6071071377
104.0491701277
97.5559854965
104.7722632915
102.0090367054
100.9040974195
98.8163274965
100.9180822028
97.5279394727
96.7066402655
101.5553853661
98.5547244875
97.1747007095
100.4679923493
102.139755632
104.103366091
103.5194036835
98.1613112543
101.9321305105
101.2055188534
95.9631731021
98.6073965638
102.5460671404
94.7605251511
99.3789961514
104.6075228179
101.4436252451
104.4780655076
96.0929893919
97.0831956165
99.4494432109
99.8176667782
94.324987423
95.7272488298
97.3441453289
101.7605599607
103.3040653759
103.4798244941
97.091156696
100.7878174598
95.996378109
103.72165518
106.6244027468
95.0816835529
96.3041354442
100.6678350967
104.5032788757
95.6403686933
99.4554333284
100.1676689993
94.2800723062
105.570360094
103.7750934819
99.8058137265
94.6486750359
95.5643766697
96.7098624547
103.8368989005
106.2056490339
97.1753712007
105.89010156
101.7617615059
96.8597849523
95.5028877681
98.7050855593
96.2951132472
105.5690081759
94.4296678095
102.5311096927
101.7367788723
95.5162344638
94.3503772531
102.9883448516
97.6182517599
95.3321730458
97.7523458284
96.8910456735
98.0932319828
101.7303500324
106.345467977
102.413319147
105.1297809291
95.9532143465
103.2730512411
99.559280992
94.8261765442
105.1475103827
94.8905298801
98.4118629033
106.2102693112
105.615620599
102.9572127893
105.0449321277
106.5307587446
99.704939227
99.7716525834
102.4474391618
103.8749015562
105.3273330789
106.5127185251
104.2201842308
100.0824224851
96.2919947801
104.6916047721
102.9198632181
104.8979350637
96.0369394989
96.9226283166
99.9859609196
106.3367094693
97.6604406139
100.7299757727
103.8347175193
96.2085344947
104.229681992
94.5037443787
101.1582882066
97.0500615976
105.2758586876
102.257105601
102.2332978556
105.7548605153
103.9195916021
103.3541889633
100.2546328055
94.9281968542
94.4054293596
105.7083668805
105.9830538595
95.7199674046
101.2742361315
105.2877456406
96.9274746354
96.2151925674
97.6115191493
105.7860943135
95.1474364054
104.6869344158
99.1860816893
95.1857969118
101.6786695905
95.2461975501
99.6139099761
103.654827112
100.352264205
95.3709377634
105.8396439921
99.9663817398
102.7339805576
99.158035042
101.2795458939
106.570353796
94.4211193589
96.8892168668
99.9425387766
94.4040514684
103.5116372137
101.8513808395
102.1732192976
106.2759031196
103.5975068596
102.1073082025
100.7610639093
94.6008172564
98.4287970123
104.1870010683
100.5782542981
101.9059642368
103.2061676912
98.7409717329
106.2183693812
100.3331858648
103.575402032
103.7567431591
95.0713800732
98.3873926181
104.9274398701
95.4880602675
96.0672950964
105.1486293239
102.6507134179
96.0476790495
102.1726039669
105.2507663779
98.6851042661
95.9400515043
97.1083694574
102.0128508072
97.0483539186
99.4631597016
97.8250630511
102.5826498686
97.0703968188
104.6306977593
101.0068450422
98.7817070077
98.8887826937
102.5503363375
94.7206056073
103.8133075584
100.656347902
104.8659228121
105.8032534265
103.7668306871
94.893162471
100.0996948679
98.1610469708
104.8485457941
96.2652125571
94.7351284634
97.2405211001
105.7162939133
95.3761588791
99.3048390993
103.8300821849
96.3102010869
94.9523241382
103.7433614247
95.6501653129
103.8131332006
102.9250513029
98.1576962195
103.9368664648
99.9965608261
105.4509889856
97.36225139
98.4076014493
98.2336636244
97.251086574
94.8806301573
96.364695081
95.2719115356
96.5605036513
97.0013364251
106.6373229121
105.6502208338
99.9795344872
98.7264193027
99.1832761553
94.2603110522
96.6334773893
96.4655054472
103.7420928529
101.1717567289
98.8388491343
105.8913763226
103.6194787516
100.3353793637
100.9088565475
97.1594398734
97.7249022364
99.42134553
95.0232122208
100.2857737849
104.3591940327
95.5169854958
106.1791641513
101.6971061584
94.9113362735
102.8128088222
95.2218224305
97.63366197
102.7253757163
104.7276849376
99.9635235706
101.8983871838
103.2648570766
98.5632644958
96.0751467877
96.7267207973
101.9687173937
98.2368585103
94.9532748188
103.9294464975
100.0970371631
95.7922344735
94.5727770147
106.3462417728
102.5230083419
98.5370830735
99.2716308393
98.1665678185
96.6141496104
98.9869765028
106.3787553717
101.8327137401
100.6347899504
101.1647305268
103.1671980822
97.3915486938
104.9417950611
101.2465703495
100.9863943802
101.4360612374
105.5812291324
103.1484507527
106.6349948805
94.9820821303
99.4638727632
97.6741200046
100.5182094396
95.8074132112
101.8527574989
104.1577581324
104.5718559179
99.8670391552
95.9802888927
101.2767516106
101.1973975821
101.9616418026
94.8315085247
104.6201249005
102.1997913886
98.7069294621
102.1174982799
102.4794861776
104.9741810907
101.0368108015
98.4737026721
104.5790506019
105.4650559719
105.4987122376
96.1439064051
103.2358466131
94.2633705027
99.4453869065
103.3217002436
104.8724525051
103.285539202
95.7322804308
96.8361086291
96.6217356751
97.570431794
100.949891967
94.7336632049
100.0612361631
98.0871299114
99.9551122316
95.8608393869
106.3786599246
103.0633777156
97.5060017363
94.4173237525
103.0519946053
103.3687336188
96.1465585395
103.0812265286
106.3094894648
99.9002394396
101.4336458556
105.5101145239
106.1456848676
106.4138647363
95.1620054394
98.8942590159
94.7637975891
100.7612776159
99.8949599038
106.0458304428
105.3151991713
106.1724451
97.7500428025
100.2666776598
102.7007645251
103.270940477
97.0836140447
99.490135992
98.0482426072
106.3032838934
99.3917685909
106.3198472749
103.6220636661
102.6771413406
98.5040690086
99.3686137063
99.0006722195
101.5526538546
95.9970685185
105.6374438995
97.9139288054
95.7971432055
97.164579683
101.2728691061
104.3962339383
99.9647656716
94.3562795099
95.123841117
96.1157429783
99.7180157433
96.857734005
104.0309840061
97.0505512517
101.8930842597
95.3047795338
100.4311173296
104.3633121304
104.2704985962
99.0048337623
95.5111346575
97.3576575188
103.8351561449
97.0978275448
99.8980274194
94.3611288607
99.8744446344
97.440789188
102.2600183472
105.555709062
94.5095178412
105.5464778599
105.1759242863
96.7576714412
96.4802833856
101.488117164
100.7266981203
96.246529402
97.6736372361
97.9853953962
103.1504045506
102.203049247
95.236613899
103.9074691544
101.2114328206
98.6511903535
96.3943712589
105.846611096
99.8132430691
104.3518755773
102.4935753594
98.8938746582
99.8427287419
102.6010828064
103.8313717838
100.436833154
95.2516460896
95.8560858997
102.1070012507
97.3212222715
99.3338286526
100.8599466105
98.708800246
94.9482898142
96.3357988644
103.0253722904
104.2298299758
103.556822975
98.984971888
96.365475343
102.9240754364
102.0570880303
105.3587200145
96.5265937136
99.2320579316
99.1178193557
99.2574556144
98.5955458894
105.609148868
106.5879875152
95.1613663
101.5599231718
103.972244421
105.3402275624
98.8217415575
98.3689401332
97.9208470937
103.0010622583
101.2305338513
103.9774294563
102.9108394651
102.6330225932
105.1348377459
97.3868303915
103.2036776621
99.2816385007
96.2337291868
103.8909861043
102.1448011235
103.8228976911
103.0514347593
105.0549743814
105.5209904825
104.3564807344
102.5514744614
101.0292269685
102.5208602794
102.5320698751
102.9888518906
97.3394066535
96.4573784614
103.9659919599
101.8882118249
97.3812926027
97.3903058094
105.8134291872
97.2128693879
105.1328998741
99.7588256932
106.344090283
96.9977387077
104.3417818981
98.0764133619
98.0544383805
106.3321101247
105.5186467371
94.317335877
97.9725888381
99.1324917645
105.4639310596
97.0929332016
101.1032913451
100.3929780774
98.0564536055
98.1142500997
98.3273116889
97.3842832531
98.0417132665
95.9902167362

