85.7331380035
128.9245559051
113.9245417476
69.4320488943
113.6764817915
107.1549835992
133.2093708873
74.1023273719
103.3244137079
82.1091463984
92.7228059616
128.6904130846
81.6087199497
131.474690652
68.417039169
67.9160991416
131.2507824102
80.1453001649
120.7355935884
132.1849674362
103.5819597588
71.559282309
109.6833187736
83.7315605158
67.4781710958
103.17384841
98.4733090991
115.1850715125
116.3295931369
102.2679232744
123.4669828283
126.2344136894
75.866003497
77.9074551833
94.6512910952
86.5661878156
113.2541828586
122.633151686
81.5642970662
92.6517131633
108.4376271174
120.6179323324
70.0054887563
96.2849310535
76.2876666325
95.4546999653
95.7276800756
101.8468468491
78.2767778973
84.6721283411
90.5904351425
118.4667366996
77.3158395292
91.5614674982
81.4681802183
87.5270114799
81.4185705645
122.9729265193
123.0299194481
98.7332764068
76.3914305725
91.7104500274
110.0949320485
126.1964014242
99.4812670152
109.4474136506
130.2352113137
128.4419956988
109.6170275026
74.8713110369
121.4441977618
108.3120594583
115.1174352421
112.0641250634
114.8525825753
76.6308049287
98.9478031581
76.5789139219
124.1100787631
113.0325102351
111.8852738925
74.8837655359
133.1766296355
96.666725003
125.2878439805
116.3746267851
118.5922882108
124.3475708564
112.1005137273
89.6136591256
67.1462977752
66.5692130087
106.5960967177
85.5880184605
122.4309044061
106.9566758334
109.9116582925
118.4896765925
121.6279935098
125.399627317
127.0482698488
98.7293705987
113.6424268852
91.9510405834
93.8182940652
92.1711398293
92.3665497107
128.6807978604
70.2454078692
71.9703771109
76.8490077163
87.093950993
99.8849472111
85.4494341267
110.5743744556
133.7275742683
132.3572988981
127.5233975776
107.135910009
123.5963092763
98.7490621883
130.9453874937
126.5177580361
82.0137978457
78.9851758805
106.9333160169
91.877182655
76.7378415543
113.2976540286
123.2684145037
92.9452567928
95.6877062132
95.7308743146
93.3073034471
119.6846574969
107.0561880328
109.0250021027
103.6227373446
66.8283439658
131.4723258779
119.2630159733
115.8995734997
102.5553449378
112.4768916153
76.0873876901
86.4673014156
78.4217528996
115.2076374993
103.1244141281
130.6450464091
122.0482253301
69.073532004
80.7067516189
72.3505094287
101.3001866434
131.2673967807
129.9756411052
98.4827598471
131.7269299865
133.2853869898
115.5537801805
76.0654327362
120.4787163723
78.2015837338
107.4801801785
68.1124881479
106.8930708501
100.9599821879
67.2179973091
120.4140587301
68.5598586834
118.8094960389
121.4430564977
106.2256937243
84.9186895239
113.8742065606
99.686204355
82.6573097695
128.133923568
79.079060724
112.1564454383
97.9939009302
83.6217177809
128.3115560714
102.1572115997
70.320359756
110.0117454254
111.0117823414
74.5377314416
134.1700851191
68.4013481719
119.6867978217
74.8573322216
123.7388743813
115.7519065515
74.5674133586
95.7580935141
76.3868773803
122.8480243801
94.3058003966
93.6607786098
129.0105872225
90.8492131755
118.0356075715
80.4040234099
83.1251135736
129.9594010476
73.3228224028
77.1729352329
79.3460435431
128.1327529305
76.6793854367
74.3492864642
89.2928630263
74.9836928695
78.7045218409
79.0391577915
103.8348543125
113.3875401379
94.5882130901
110.2224217596
86.7554386416
92.5247048812
127.5915938009
72.3472799322
108.7867319078
100.5655501391
82.0314022363
104.5733553968
77.6381375979
125.7487829655
118.2607005824
81.5679925179
81.6125775486
132.4774990748
127.0224222422
126.8933238244
106.3281652976
71.7384160089
118.4478785177
81.8370881206
133.5561877358
133.9735369391
103.7825032696
96.3806487736
118.3435257671
77.232059517
123.3212537429
123.8880147102
113.6991795822
101.151673301
92.2361831847
116.061410329
86.7611620536
89.1883629899
93.8177790602
127.5737893098
72.7808955522
112.8469174866
122.5094859271
123.5839816739
115.3988859947
93.95975417
91.6350019657
67.6957344014
66.3484385483
76.0782456577
80.4653240629
71.7774218101
119.3493762776
102.3318877804
69.3185634666
120.1256518295
117.8672793487
130.754193799
76.8863715262
84.9988308203
117.3682913885
133.9902365638
98.2747596548
85.9212112624
127.1670175943
121.9829839259
73.8959827298
116.6762040553
67.7613281202
102.0758469337
71.183996912
128.4774589204
88.688372024
129.2997350112
72.508929324
104.2058982963
85.4874245984
106.6160097173
130.2529858246
96.0281590116
131.7974013194
86.2284143244
101.9471642068
76.388484433
80.4487499415
133.133494448
99.3205182795
119.9753911291
107.533917954
73.3480568607
108.2650026278
117.7936623031
132.1027215805
79.5824768168
99.328757078
90.2773414485
78.4771409649
106.501454684
124.86457813
128.7678797992
125.2764073114
66.2619158296
67.0474037679
121.6007529916
101.0835821161
118.4627978772
80.5603710034
80.8024642114
87.5896870709
118.3262564928
81.8437295032
71.4334173897
120.4583014714
115.5486862375
97.8201805632
119.0257330838
68.6599908503
116.6739371493
94.8324387739
128.9492157756
131.7174159885
72.2227913321
76.669285964
75.119614884
116.627111841
125.6989235663
124.972694069
80.2050969649
71.9611713115
77.321074238
112.9442651226
123.4334084605
74.2886789584
78.2032573481
81.3416836864
125.3626334659
73.3412810725
129.9898214747
73.8246986049
90.7472799442
110.0707621872
74.8526730822
77.340802119
111.2571326135
96.2890608049
105.8705912992
85.6188161414
113.5457312001
93.0974786877
105.4091552734
106.8914752619
88.9525626472
92.7514092718
101.7745536466
66.9954507256
70.3830238065
82.5869641136
122.1396433088
68.7623738529
113.7011239274
77.6240594053
78.2878995388
73.6789434548
122.5523062148
106.8516420323
121.3331211451
110.9051579572
102.2386537935
80.1067767111
117.0675584674
120.8826364363
127.0932947905
109.191773672
122.3148024294
132.5561334384
80.9328453519
92.2326385712
108.5069273836
79.9009292511
98.4521884467
76.7030570919
112.088506768
100.1834221926
133.9700977232
118.2225438727
68.3787835997
72.9276359728
74.4248891363
68.9208019863
76.6758192087
74.5446332466
77.0926612196
123.2140602192
90.1973728986
102.0302173442
127.3801404507
107.7998358172
103.0968140468
78.5495503977
70.1338154963
86.8961176424
78.9734932266
99.1104041631
96.262374866
77.9703936426
116.4960294395
118.4769100173
94.3738615024
125.2857048443
80.0584356694
70.6385775279
91.7655831377
114.8415949478
125.0069546821
93.8138254809
114.8120161495
126.621139381
87.2967546866
112.2753522747
103.8913265947
132.905759688
99.7642127301
133.3144974421
70.777166096
75.8882072455
109.7426896086
73.5550645813
98.3750261736
77.1923248908
91.6776655241
90.8619090952
106.3548807725
77.7323518795
123.0219590169
72.968889766
75.6055872154
79.8035049143
79.8077906051
101.7809830769
86.4292764784
86.954939557
85.5472616011
80.5810464584
86.9594274899
96.959635012
130.793768169
92.2928074846
116.8813530543
83.7612036565
125.8017111339
69.5315872894
73.3937854009
66.052213129
133.9646005745
112.3596826421
112.0774363655
128.9292467775
99.8579953113
94.9455262198
103.5611595172
116.066678102
113.9535880329
74.4603774061
120.2684599579
118.2228241731
118.0154959184
82.5188619379
125.8181069201
70.5553426457
105.3334811216
72.5829110549
117.1745820499
113.9578417677
104.9388712856
127.1018710663
132.2946349233
126.8513456126
129.6448397602
111.0374660734
67.687784472
97.8852529352
126.4999487517
126.8422203767
121.1770975216
109.2648863578
103.5742325683
77.2962528776
92.3178987991
116.3105938974
75.9281264091
66.6675968855
74.1797913594
120.6683398769
130.1863277493
84.355797991
115.1464943053
69.6513730679
102.2652794014
128.6612189191
71.9731729838
116.6561509012
87.3369854317
119.5926719356
114.8440876984
122.848094344
108.4233765049
120.5967447338
92.791895831
113.3389743044
113.6847002227
93.2235337181
126.0514906902
71.3774522598
104.4633032054
67.2518237178
129.7609510416
98.4685818732
82.8589028665
115.3795964549
67.0492307242
79.2155336442
106.7976011613
129.6408350917
103.7134099078
96.8153469963
67.8907508684
112.1426636425
122.7223389377
117.7461535027
132.5936350617
66.5671220129
76.5866171462
113.6625796883
79.2714687293
108.5427286412
79.4195823421
119.5066330297
127.5382656244
131.4003339788
93.9830398108
77.757435392
84.5311090515
66.6432171001
123.3065378993
124.2014165414
87.3287544259
120.8660357691
97.2189507016
134.0006062447
96.4768091276
72.9615587318
124.9632322462
87.6984443882
76.1759924813
130.5393273612
70.7872125499
128.190747695
92.3307908629
88.1778081071
125.2848515446
69.4586374135
80.7031522244
129.0174083623
71.1225041578
103.6260791175
113.4130279653
107.1545597967
132.7667342107
104.0167408942
81.5366821345
110.8984066279
77.9020201211
132.0850581951
131.471465118
103.37041353
92.3895067861
121.2692407924
85.8055008536
94.0188687996
87.1517317665
78.1899256496
108.3149136982
69.6293876506
74.6453067182
98.9436714476
90.4991159227
76.8645731095
78.0639007167
81.6139396665
86.4419357012
80.3794010857
91.2073675091
116.2314292476
107.5013013512
86.4744467816
90.8351488491
76.5622216253
81.730418618
82.5332675716
106.5559385748
125.5707278021
67.0483779316
85.5605235193
78.9355510054
66.6772503244
79.4231727663
105.7236254579
86.7408344805
89.7544963173
131.3310231327
133.7730104446
102.1261542052
103.431005932
99.6059402654
98.1725150973
110.4231813383
126.2994820684
131.2246594447
81.665808365
79.7905784791
94.2450803363
108.0612330153
113.8321775795
106.5990036766
112.5819641928
124.207797969
104.3292438021
115.4344265804
66.9460790456
106.4061344449
68.8068412699
108.3660319608
120.2224426547
107.5894843229
81.0823463283
88.149735592
126.8272896585
133.1283379309
131.6213443099
78.1387027366
82.5799995616
99.7902731001
96.5508937371
108.9118725942
87.529105765
69.5428825173
71.9592732471
122.1080504803
75.0696521618
123.9064354251
108.7744574236
84.0696859663
133.0630723098
132.5871992724
79.596605833
69.1222134658
100.5130499817
129.6063399057
134.055927847
102.37274625
73.3161272328
97.4968650897
94.4811614963
121.7280288873
101.9915972193
78.3797530764
85.4930666833
124.7218549632
96.5294874617
115.115547044
102.1496427147
95.5364752601
110.4732106933
93.9607722125
126.6964134397
75.1455865473
115.1479097466
85.9538332327
110.6843445209
85.3375197325
96.9131502419
67.0242541592
112.2246783054
84.5411380314
69.5424525941
99.2428871732
117.3738242126
90.7740866596
104.6027843482
115.75977197
133.931667613
89.2275208751
68.8422647764
101.149518428
101.0502971996
104.4708531131
74.7598096646
96.5016956848
116.4775814131
88.4437755625
76.8378343506
94.603474449
101.3514836011
79.3345868676
67.4710838533
71.2681653388
73.66519668
127.2640045483
94.1369691928
86.5692160851
119.2104701159
132.0997964299
92.444903554
122.4905390958
120.81654953
112.7280760976
75.3771306461
117.7629101506
104.4304379949
88.8862082083
96.1925655009
93.6138184101
124.8191679398
72.7444920427
122.3942206233
101.3892344264
85.4263783048
83.3255903339
72.6221859258
81.9384077
68.4945693203
130.7431667013
90.2257843311
117.4606731995
102.3022464448
72.9145074623
120.5864799057
89.3120098452
86.0872423091
114.8489955623
110.2276897737
90.1475555082
103.2584955347
107.3460966854
70.9665489067
105.3209156405
120.5489019575
125.1046361875
111.1658862445
126.5055187565
123.3558415373
69.1075852456
128.5216685888
132.8699870985
97.4310619649
120.3797804413
85.7701074273
125.7564967444
73.6176764777
133.8598339617
94.0441144141
95.501416815
84.7420134184
105.8385473347
81.6174449253
87.3598846932
129.1451493261
133.3496811521
115.9124709018
71.8207772367
88.6961867149
83.7567192768
133.9747621218
121.0831223493
103.6304726123
132.2510727486
119.5115352542
112.6787627571
97.2943129228
124.4846062543
75.7259464192
102.387319074
97.0645194422
102.181849468
77.5814722615
83.5860191987
121.5921940606
93.0697558565
99.2353448026
79.8284744233
74.3806544258
80.3477108663
71.3582822623
77.3758529604
92.1096476417
80.706015993
72.1709573882
121.1628151546
114.4145013891
91.6656327893
129.3622620115
104.20442469
83.4926669707
92.7145158012
101.2153446665
77.2956528102
100.6173390743
125.721078246
100.451952135
109.5844231063
79.2438991822
78.6225154849
105.1117005031
109.9857202636
66.8591685345
89.0891504643
66.2284254907
79.1223311848
95.3086391151
123.2204116205
113.4135596874
68.6527210372
69.2172440442
76.7069158111
116.0493008777
72.7690902293
99.8672464592
92.5626305689
74.9580303927
116.5841891898
78.7122247076
127.7676234213
101.8051824758
117.8377839359
98.2923008183
72.5383928165
80.4992553139
81.0622546301
84.8966188474
91.7341547487
126.4931412498
71.5935694228
72.05115053
89.2445390275
112.9064426779
99.6427361514
66.5580308481
116.9229625909
127.2331373758
87.9637483584
104.2692295463
110.9219589497
118.1766408571
91.2407700548
104.5967625668
126.8685636633
128.3034555241
66.6396084561
125.9927407235
132.7080435935
112.9760985466
112.3179903876
108.7056653711
96.5289400323
126.3099436623
74.8588038245
79.9809045224
92.0601737378
72.928835382
114.9800143105
114.3211987443
78.7640190376
80.3375892472
110.2097761195
131.1251757073
103.5164613521
77.2396620297
105.6347134101
68.1708312408
133.7556426662
128.5266451614
125.3911098319
104.9218486216
71.4333221432
102.7018814722
83.3148004954
130.3365647454
94.0061955771
68.5011259652
95.9355528183
127.0151378228
80.8082443401
133.1923889733
110.0116816585
84.6030016026
129.6042197921
84.1763229114
91.0804363338
97.2297035183
78.7537399244
80.9912668663
90.1153384721
129.5804404649
81.4913515168
124.3567291402
128.1276569087
81.2248244337
117.8377554522
110.0875481564
114.0679170993
72.7567496183
133.610139182
84.3468212721
113.6550995845
116.0371861249
125.3615595327
112.1693106168
105.9641188721
114.8188390252
116.2511338981
118.8697855139
121.4896094318
88.754888475
88.4788211159
99.4335414427
77.0388070964
119.6772540334
77.2653036567
96.4077930707
128.5913621553
117.4262814138
104.2368917804
124.1012353651
87.6027989053
80.9948345885
80.9075126078
116.0633733049
124.3916921971
105.4475236723
117.9429195498
96.5056084973
73.1736801098
94.8934549728
132.1476990424
89.9642188732
87.0625305205
114.0169901933
121.6236330518
100.8066474479
119.4213360755
80.0942190675
84.4340450892
97.1692709732
78.8696156629
88.7104398554
98.7804689394
99.552323622
104.2710380614
128.346422173
126.4676113709
118.2309484043
123.0502739704
76.9523239343
90.9397131517
119.1334874171
128.5447172172
72.4355694837
107.0881468504
89.9293989337
111.6325543205
98.4867724613
101.3788382745
129.4551873065
122.2535877157
109.699544333
120.3044155813
69.3493945663
68.7873055624
131.360126464
99.4271640322
82.4563042621
123.9735429759
112.1655033686

