2077.2380601634
2083.1394204021
2077.7195742346
2070.3535283574
2082.6060601403
2067.6957240095
2081.1319480824
2067.3354988705
2063.1636076133
2068.9870787343
2068.8904810408
2061.4324695699
2066.1335880647
2061.4693798617
2063.5358208095
2076.4871653348
2082.9601842299
2069.7606452184
2069.7441001184
2066.5844284732
2069.4069935311
2080.2307018376
2079.4825029754
2073.0627373425
2083.7266265938
2075.8634546602
2068.881761895
2082.3444582178
2073.1422043143
2080.6641434832
2077.8484464493
2082.2018746985
2082.107191391
2061.3715328675
2074.5025798486
2075.0191846067
2072.2106761126
2071.3431715139
2069.5438388502
2074.1755483973
2076.479295568
2078.4651991314
2081.5844903457
2067.0234314009
2063.7479720182
2063.806551357
2063.6650164875
2082.1285738565
2061.4483798847
2080.1949863155
2083.0187571508
2078.9019640623
2071.9811684205
2063.0594857557
2063.5690287763
2081.6680949821
2075.6369158674
2070.5767040646
2070.2817482064
2083.4518682623
2075.3140961857
2081.9094213705
2079.8588046997
2064.5077246192
2079.5785187318
2062.7699202083
2078.7554070592
2074.9436918826
2070.4937273674
2075.1598604478
2067.2801486259
2063.5170673119
2062.7404337289
2083.1618416032
2064.2072062515
2079.4795709259
2074.0664881181
2079.4480152654
2063.701938894
2076.17870094
2061.2974936701
2061.0044020552
2065.7491288454
2062.4987504924
2075.9690317886
2066.2994416314
2067.3687959586
2067.4264073933
2072.3840398157
2081.0246044861
2083.4625384442
2082.772086278
2068.4295413547
2073.8295990303
2069.3144767938
2067.6341738041
2066.4207075872
2063.2737160248
2069.4769822454
2067.8499717335
2081.1764548164
2072.2363225824
2078.3622625714
2081.3442478791
2071.160839021
2067.5831646939
2081.7019217115
2064.0639302365
2083.7274770656
2064.4800296898
2067.268592304
2065.5698558648
2076.0366779342
2081.8453249954
2064.847671872
2077.5504444101
2075.4276825102
2080.6968853938
2070.3480425422
2074.0901727636
2064.7057052855
2067.3226006397
2069.7158807759
2075.6365142539
2062.261199482
2067.3478448131
2072.1881847237
2068.2107448872
2066.363852979
2083.3418091323
2073.5248056668
2063.4247945465
2071.9803161983
2083.7841637136
2079.599155119
2061.6164838394
2076.5313285732
2061.3791624812
2080.3219227232
2083.1922352918
2066.5308997476
2079.4754201419
2062.9551887248
2076.9404229561
2067.8141884647
2073.0063593833
2078.2968488408
2076.6277841478
2062.8641944822
2070.7456475969
2074.311546909
2079.8762392164
2066.982368373
2079.342900968
2080.9305976826
2075.7122949006
2075.4744587803
2079.3159862372
2083.8292661269
2079.3153420768
2081.7112401139
2079.6475859716
2075.2796228289
2075.3380390689
2075.977489961
2077.9994394626
2079.3028383916
2065.7831616748
2080.2647277156
2067.6103729746
2064.5184735613
2064.1625993451
2078.0208628474
2079.3604587136
2061.9879838609
2080.1061687081
2070.4806186206
2073.595028943
2070.9294965425
2068.6886715476
2078.4149095351
2077.1097048156
2079.829994653
2075.4620962995
2062.8831056876
2069.9066811376
2069.5323778003
2062.6599050985
2073.9990175321
2075.9685838308
2078.7670861785
2068.4741853921
2074.0151277662
2070.1990781912
2074.6185190897
2079.5654987392
2075.122996818
2078.761350069
2064.8636572998
2078.3116179762
2082.4384238347
2067.9220229854
2065.0136363318
2069.3439607174
2074.2121497595
2076.0970879138
2079.5019867002
2081.0295337221
2079.7333360243
2075.2113817639
2077.148839212
2079.5680287327
2080.8900443942
2078.0533354171
2073.56024136
2062.050491078
2066.1804951931
2080.5153472855
2061.2967987072
2067.7207420824
2076.6134245435
2066.9541349272
2070.9291802587
2064.2608765862
2067.5255902483
2067.1573436963
2064.897040501
2063.1634480666
2063.6767641762
2062.9951738194
2062.0562050927
2061.8009897496
2073.8895459038
2061.7020700798
2070.7391860742
2061.3057814228
2071.9357084741
2075.8458425021
2079.530449507
2061.5900103573
2075.9042466756
2079.3007618073
2077.6529966227
2073.5582488704
2083.0329783877
2078.6061871986
2079.4221875999
2074.9661510948
2076.614677642
2067.259746503
2077.5224074281
2062.5240567979
2065.5508985123
2080.3227834923
2071.1549417908
2071.8613027355
2082.5132554027
2063.5641246245
2067.1885632378
2061.1096184996
2065.1631947307
2081.3178602858
2062.6706515596
2076.6757177814
2074.4990366325
2064.5126954844
2077.1655762632
2075.8726610796
2064.6530765687
2062.717005797
2082.4794569449
2072.7931311256
2075.739421545
2080.0153032375
2067.4352652749
2063.803191969
2083.0682044548
2062.4838171556
2073.2678881665
2069.7261023223
2068.4102015854
2078.4435692926
2067.371427582
2081.5729706051
2068.30665551
2062.992238131
2071.9626905083
2064.4685983093
2074.0571966007
2063.1281246428
2066.3865176991
2076.7936044052
2078.183349063
2081.9604803194
2082.7314338661
2081.5131116363
2071.7546124697
2078.4985129146
2080.9218962412
2074.8515478768
2062.1855173352
2079.9793507601
2078.9809805538
2076.4467533288
2070.7454077456
2082.726502482
2077.5233334679
2083.738130937
2073.7581368969
2066.3508859566
2064.5299496011
2076.6923768096
2083.833649242
2065.2506624006
2074.900048599
2067.930184578
2078.8924735251
2076.1384738732
2067.3363032025
2066.4302210559
2069.8936333295
2067.4666475639
2062.2508723123
2083.2698405604
2064.5461540299
2066.1044150159
2077.5883672646
2066.6981598714
2074.0415497757
2062.5366778342
2082.814135922
2069.3095477515
2067.690313826
2064.2955149658
2074.2282038105
2067.920307784
2073.3812501601
2061.6663118434
2078.2170837356
2082.4027529746
2072.6939661535
2078.9051583658
2066.0915741676
2074.5403712541
2070.9480257049
2062.9519166497
2064.6445611589
2081.0425208406
2065.5090481806
2080.5151881088
2076.1488264491
2081.9254542929
2069.6235225287
2063.0115821264
2081.4358765184
2062.7119642314
2075.6891263624
2061.8444030936
2081.5680229517
2081.0853841682
2070.1182704375
2072.4564904566
2083.1281519112
2083.3715679201
2081.5931987183
2074.4762155692
2061.7537394747
2075.1433130754
2072.9161068001
2077.1678076891
2062.5554248014
2083.3695530012
2064.2451881108
2083.1065932931
2081.5043014699
2079.141216358
2062.0665988862
2081.7363537247
2062.0995374224
2080.0353094409
2064.2004283744
2066.310580687
2070.4062349984
2067.0541541369
2079.811103191
2075.3659593632
2069.9613342555
2070.3907877073
2070.0623970542
2079.2290443103
2077.1656046464
2061.6051987742
2078.582033638
2062.1970013674
2075.3631949939
2079.1590517723
2079.6687792508
2074.9426725959
2072.5822810143
2080.7525464468
2066.8684569464
2073.5590928297
2077.6892283515
2064.0445064499
2082.8167597953
2075.6482169839
2077.9228456786
2072.3617101818
2077.3825794805
2064.035674041
2079.855024685
2076.2796030444
2067.034103172
2080.1304100017
2063.8068766318
2082.1865186545
2080.6341948676
2076.2616912532
2079.1567064153
2061.8191049357
2072.0957979212
2079.7626265805
2069.9023808764
2082.6023047667
2061.6210963162
2070.6479081575
2065.534623348
2075.7002562564
2071.4637912811
2077.8641632775
2062.6148117978
2080.1799910702
2081.0374846802
2075.5938233656
2061.0672304843
2078.5735085788
2079.8691896786
2079.2117020631
2071.4292080563
2070.0904500878
2073.5723865488
2062.575218489
2083.4666237316
2077.5549527385
2061.7078312216
2074.1166352101
2065.9043755038
2071.9549932765
2083.8516217411
2062.9064131825
2068.8316790316
2065.9078583585
2062.0069220372
2069.1486967979
2074.9377879799
2079.6836540464
2083.4661229899
2083.1609046328
2071.347039358
2073.070175033
2072.9362730812
2072.4491672351
2077.9814263798
2063.1670891236
2064.795951716
2080.7016636534
2077.7753649979
2070.4465052252
2066.1258994176
2078.2304075672
2070.4330526296
2080.0914782177
2074.1047031829
2061.3676955197
2075.8294384208
2065.0216307408
2079.2548259781
2066.7217608525
2063.5095038135
2068.984713294
2077.1894199578
2063.8441671239
2068.3979564207
2078.0008733283
2082.3099322241
2076.0098374577
2065.1637249541
2077.8539065016
2073.5275797727
2070.5681658354
2079.2687794098
2079.2352093194
2080.9244358706
2072.6422061644
2068.0135926767
2076.7780159163
2071.2561520134
2070.0576490576
2062.2555671778
2064.7423272743
2068.7018199723
2080.9345335988
2076.9324917192
2066.4308028045
2061.3962752472
2073.1528542497
2062.3924781392
2064.82565275
2076.3007934955
2071.0066986874
2081.8623899141
2081.7085799231
2063.5659847141
2080.0473988301
2070.672361296
2061.8128654586
2064.9948038556
2070.1493551933
2079.6341757245
2065.4654288344
2080.3199856572
2076.5622739526
2066.6599816145
2067.8354626009
2082.7116379058
2070.5717232166
2062.6146182122
2065.8227239969
2083.7202141505
2063.1542556299
2061.1511648838
2063.6434559611
2082.9062015752
2064.1984249249
2074.8545000948
2080.534558673
2074.4129070237
2083.1714950398
2061.9556823149
2064.7728128641
2065.6501180234
2078.7754241303
2076.6396247259
2072.7578513867
2079.9413580726
2083.3025962458
2075.4770690439
2061.4450440998
2068.2807249962
2074.3480911894
2063.643773311
2068.8063542575
2067.6695998799
2071.1384646504
2069.4270945105
2077.757695969
2062.4700498839
2076.1627424345
2067.5886009485
2077.8097433195
2076.5367380202
2079.3639849638
2069.5043761366
2083.8804755487
2076.0668756586
2082.3090050962
2081.3081767909
2068.3054583658
2063.6630565677
2071.8992290991
2061.5991240652
2064.4453602649
2078.0068114021
2064.9955502845
2071.4367391029
2080.4636208457
2082.9968221671
2068.3092082273
2079.1448321326
2077.6052673142
2065.1798743833
2066.1464862308
2070.4165768423
2081.2664360136
2066.8721994396
2078.8088630384
2066.0336744617
2065.0966729237
2080.3814964664
2072.7205332856
2077.1707138275
2072.586705292
2073.1066662049
2063.9625379158
2066.7941502255
2079.0981431486
2076.316972756
2076.4021458536
2073.1650986856
2067.3712019631
2065.2808420111
2064.6098417494
2068.288098105
2075.5829388807
2061.9358885035
2066.626730737
2069.6934592198
2071.6474538265
2072.3325099753
2066.4251834616
2066.1531873718
2077.4760170815
2068.2074369682
2071.9704303947
2064.5931228084
2077.9689941664
2062.5547279473
2070.6470442787
2081.4593476889
2080.2271432112
2068.1266292446
2061.9264112134
2064.9126200288
2080.442324729
2077.7593067518
2065.9860085743
2072.7521693779
2079.1800391602
2079.9561152611
2083.4198830737
2067.6927100121
2083.9357336851
2067.5471377212
2073.1494722692
2070.628289966
2083.8194259709
2071.9613266683
2082.7735611039
2068.3431918295
2080.0910538131
2082.8486207678
2063.1146926095
2069.4579437482
2082.181114804
2077.0048491431
2083.5157329853
2083.9598829404
2072.9541198733
2083.7893375341
2064.9655558312
2081.9571819687
2071.3521129006
2082.4243313511
2079.742735863
2073.4263300821
2079.4905741499
2079.1345152586
2078.9180137729
2072.3806035072
2064.8717776893
2075.696628713
2073.4949942364
2067.60800946
2071.204581637
2062.9375778761
2068.4542229886
2069.0070067928
2074.5101314904
2083.8692469937
2083.6553903745
2065.1389074768
2068.4591195242
2077.7181444825
2070.0396863934
2076.5627507742
2069.8961921526
2078.817801482
2079.8383676636
2073.4690601395
2083.4077797585
2074.829395934
2077.8117766937
2082.8386648153
2065.7302156786
2078.126969472
2063.9898742792
2066.9721939849
2063.0853657109
2077.3079928188
2075.3981973303
2072.0526766132
2064.6714377816
2072.8225838481
2074.7615656926
2077.9942535579
2079.3773588586
2081.2782238539
2062.6988552679
2073.3733128648
2076.7668498903
2073.1777730753
2061.2720036366
2068.9310804541
2082.4596525391
2081.7694374491
2076.3367932451
2076.7009257253
2077.3435695482
2074.6089679909
2070.9151731596
2075.5650269057
2072.3506056367
2064.9488392709
2079.0447682326
2062.3238240433
2082.1000838189
2068.9890120587
2079.6046258034
2064.474590615
2065.1195909975
2065.6650090557
2064.8899596923
2076.5417381753
2062.4403905803
2068.684778661
2072.1951074259
2079.2205997737
2066.4139681275
2065.1226707596
2069.3572072429
2079.6887590791
2076.5251958235
2067.0172863996
2077.5850179134
2070.8580426679
2080.7709935476
2068.7248367071
2061.7491421111
2065.676523507
2071.7998856464
2071.9752673479
2076.3053410388
2078.5157021983
2079.9450643134
2074.1244205538
2076.1066645461
2077.275094511
2068.7484217546
2062.5611362354
2063.205115741
2072.5304361538
2074.8548274339
2061.4943797563
2073.7273080308
2061.875593593
2079.0685647416
2071.4491841892
2063.7154040667
2080.101474594
2067.4241436111
2080.8526295749
2080.8055682066
2082.2145911268
2061.978029978
2079.2578035151
2064.0527295997
2063.3765609287
2061.0260788016
2076.7986267088
2074.0028995392
2065.4888042068
2061.7215533849
2072.9978265527
2082.9263105781
2080.4351204896
2076.9596670179
2073.7401612359
2081.4099471086
2076.1572883476
2080.6071132147
2068.0006202385
2069.8754781323
2077.2863989668
2081.6303588019
2064.0504523184
2071.3016381527
2063.2211400686
2076.1467716204
2064.5324953934
2067.4793534709
2071.9147620486
2062.7604262541
2073.8613133291
2073.2831770453
2082.6853941871
2063.3594557722
2066.6583443153
2065.6991691383
2073.3935527639
2074.1394000329
2072.7800414324
2064.4203896717
2065.7804244423
2078.7992962673
2065.7715508187
2083.7669068579
2074.5100650262
2061.5692950611
2082.800172889
2083.6860051777
2066.8820749107
2068.4648529465
2082.4161923718
2069.4201629578
2063.3551639355
2061.1746478777
2069.0037243259
2073.2974297201
2069.8122362845
2063.2041833332
2061.2863309915
2067.2105130744
2068.4268320789
2074.3561584063
2067.4921665034
2074.0178073045
2069.2624400783
2079.5944463931
2066.5978278194
2083.538179022
2078.0497813107
2070.3939420035
2077.6919258618
2065.2703314936
2078.6462860114
2077.6217906783
2068.0811958748
2079.9081105234
2068.0900498253
2083.2443384524
2072.0484135701
2065.7423063298
2072.1065562662
2074.755941956
2079.9429169566
2073.4394063631
2078.0700765758
2080.9528168673
2069.6848292332
2063.1826365847
2078.6589313748
2082.4726592819
2063.7702567089
2069.1629711073
2067.5466143165
2063.6017293217
2066.5375968769
2079.7443013358
2072.2228314858
2080.9829814553
2062.3553175812
2064.3030769448
2081.4166637616
2069.7976970455
2073.3750735596
2079.0127706858
2080.5058317039
2064.4588412642
2073.4747005352
2079.2458794567
2066.2237936261
2064.2855751715
2076.7645209263
2082.8415732045
2065.0256334461
2083.5522865271
2068.2737239062
2071.8370486461
2064.2676233481
2066.3131683031
2065.7752687886
2066.0671194208
2081.7586372433
2080.4515277632
2081.7443160571
2076.0976143356
2068.8789353072
2061.2300290116
2074.7768333262
2066.7289543083
2081.5942444986
2078.5994089942
2073.234537992
2075.3001191261
2075.4963359065
2069.2410863233
2070.3397540567
2078.0418752034
2064.0875091263
2075.5145290846
2064.514611235
2080.3362649902
2079.4233779242
2063.5837819308
2073.6164335804
2064.4440712343
2075.6584311543
2076.8236106137
2075.2651771488
2065.8714417259
2070.3163296776
2082.5038101669
2067.4529468756
2070.1330508743
2078.8402542257
2074.2192728722
2079.0853124949
2080.3411576653
2065.0323715042
2064.2031539191
2075.8067363795
2071.2237689226
2083.0668681254
2078.5691503263
2066.1085000592
2082.6742348132
2077.9506786168
2061.1134426096
2068.4656869983
2077.0062211991
2061.1125013783
2070.3111142772
2063.6385883098
2061.8531328978
2075.8579128782
2080.3672597726
2063.1443119659
2063.4921722509
2076.6774127462
2070.8701664706
2069.5138107013
2062.6744456562
2077.1867898332
2073.7241369198
2081.6092020886
2082.2112431248
2080.7650607462
2079.2132569122
2070.9628853849
2077.373445698
2077.1908961155
2071.6557599013
2074.3552259409
2063.1251201237
2078.6912578752
2075.6391470517
2063.2791858361
2077.2182852439
2081.0897185804
2073.007074004
2073.1831957496
2079.1029598285
2078.2769201284
2067.1826283338
2069.7354956028
2071.5597008316
2077.7552712521
2065.2328396611
2072.4193157251
2076.5218618176
2082.1384338824
2073.9947125734
2067.4660897507
2064.9101519165
2075.6355374373
2068.2273753779
2062.1215729148
2072.3260311462
2077.5129933346
2073.7021906118
2070.9625910824
2078.5340395693
2069.1180784574
2065.6269964614
2061.5667352301
2078.8609938699
2080.0770702096
2063.7655520716
2071.7611300336
2069.3046449648
2078.1666235529
2067.3028607915
2077.6193153906
2061.1160972615
2072.9348533237
2068.0657538887
2070.2794218036
2063.3920340486
2067.9698202021
2062.1743287028

